1530 0
634 1
2130 2
8479 3
1265 4
2679 5
3056 6
48 7
7705 8
719 9
7527 10
7500 11
5296 12
1204 13
3016 14
7770 15
4077 16
3181 17
4937 18
8034 19
5334 20
5544 21
2431 22
7923 23
3794 24
1333 25
927 26
424 27
2398 28
1861 29
3526 30
2357 31
7145 32
2074 33
1604 34
1248 35
7388 36
6050 37
5095 38
3099 39
3442 40
5180 41
758 42
1952 43
4353 44
4214 45
2041 46
49 47
5172 48
4923 49
8321 50
7776 51
4524 52
2999 53
2313 54
1279 55
3942 56
5390 57
8516 58
4965 59
5535 60
8461 61
6272 62
255 63
7268 64
6082 65
6982 66
7365 67
8491 68
7076 69
6122 70
1063 71
5538 72
8168 73
8266 74
6792 75
1046 76
8468 77
3353 78
4308 79
810 80
6614 81
5305 82
1884 83
6304 84
8400 85
1251 86
5490 87
7980 88
204 89
6218 90
4661 91
8255 92
7996 93
6161 94
1826 95
8424 96
2475 97
1023 98
1449 99
787 100
8283 101
1101 102
1166 103
7475 104
8286 105
3120 106
5900 107
590 108
5527 109
7884 110
1724 111
2298 112
45 113
1369 114
1209 115
1809 116
339 117
2194 118
7369 119
6573 120
257 121
3398 122
1392 123
1757 124
4023 125
2672 126
8268 127
6675 128
5723 129
3943 130
4282 131
4022 132
175 133
4522 134
2518 135
4232 136
1475 137
1484 138
7044 139
1828 140
3536 141
3719 142
3996 143
1121 144
1635 145
4853 146
4439 147
558 148
3519 149
3986 150
2756 151
4867 152
5432 153
7057 154
1747 155
1521 156
2115 157
1478 158
1097 159
1298 160
155 161
8061 162
8561 163
949 164
1260 165
3978 166
7907 167
3140 168
2906 169
2933 170
2315 171
6154 172
8181 173
5743 174
5926 175
3987 176
1435 177
5957 178
3967 179
4697 180
1910 181
7584 182
895 183
5400 184
568 185
3930 186
5678 187
7660 188
2282 189
7979 190
460 191
5726 192
5359 193
338 194
2022 195
1363 196
618 197
6989 198
3451 199
4198 200
2500 201
7111 202
8440 203
1095 204
5681 205
8145 206
1064 207
2576 208
3145 209
4456 210
7446 211
8005 212
6818 213
4782 214
792 215
6686 216
4496 217
4333 218
7125 219
1003 220
1949 221
1662 222
8462 223
6269 224
1172 225
3780 226
1881 227
2006 228
1241 229
8342 230
8551 231
6387 232
5377 233
2250 234
132 235
1288 236
1614 237
3638 238
7724 239
1201 240
3898 241
5856 242
2437 243
1645 244
6689 245
1146 246
8107 247
4803 248
7217 249
1230 250
698 251
3297 252
2519 253
4869 254
7971 255
6633 256
3156 257
8043 258
7149 259
5635 260
3568 261
2339 262
4688 263
4832 264
231 265
2653 266
36 267
5234 268
4278 269
4393 270
1888 271
6924 272
1385 273
1431 274
1276 275
539 276
5936 277
7806 278
1397 279
3984 280
1159 281
2745 282
232 283
4599 284
535 285
1745 286
2227 287
7317 288
2737 289
1225 290
4530 291
3533 292
1867 293
1376 294
6336 295
3387 296
2750 297
2287 298
6769 299
4076 300
4320 301
3337 302
8178 303
3976 304
860 305
5031 306
2589 307
8009 308
8499 309
7390 310
3560 311
3058 312
5264 313
4150 314
6142 315
3554 316
7353 317
366 318
1042 319
7986 320
8447 321
2740 322
2773 323
394 324
2812 325
7595 326
690 327
2774 328
4162 329
3322 330
8030 331
5014 332
6000 333
7040 334
3054 335
3217 336
3399 337
2994 338
7113 339
5105 340
4011 341
17 342
2944 343
3508 344
4490 345
8208 346
287 347
3511 348
4651 349
3786 350
6401 351
2870 352
3507 353
3033 354
2035 355
5671 356
4770 357
4403 358
3977 359
2744 360
8391 361
7792 362
8071 363
279 364
6167 365
977 366
4449 367
7839 368
6607 369
8392 370
2455 371
5128 372
734 373
3528 374
3128 375
527 376
1598 377
1665 378
4598 379
2979 380
1247 381
6536 382
3497 383
3646 384
3340 385
6734 386
1407 387
3278 388
5721 389
8322 390
7670 391
908 392
5840 393
7200 394
3918 395
6494 396
2866 397
3991 398
2220 399
6335 400
6873 401
841 402
4698 403
5814 404
1070 405
2705 406
3446 407
5532 408
6709 409
7260 410
7150 411
3022 412
5795 413
4463 414
7253 415
6841 416
5283 417
2732 418
3427 419
8151 420
3052 421
1935 422
4420 423
6132 424
3131 425
7514 426
3193 427
3509 428
2714 429
6087 430
5200 431
7449 432
2089 433
8439 434
7307 435
6790 436
7083 437
3041 438
967 439
437 440
7043 441
1185 442
6454 443
5199 444
6743 445
5239 446
7512 447
878 448
373 449
1872 450
5487 451
7133 452
598 453
71 454
2523 455
6049 456
1174 457
1997 458
6860 459
8315 460
742 461
7617 462
3544 463
4686 464
5912 465
6521 466
4658 467
3064 468
1111 469
3162 470
5122 471
3183 472
3403 473
6871 474
8486 475
1999 476
4009 477
2105 478
1444 479
2689 480
6398 481
359 482
340 483
4207 484
2177 485
3114 486
7137 487
7707 488
4854 489
4927 490
7710 491
7820 492
2783 493
4025 494
230 495
6719 496
1149 497
3575 498
747 499
5431 500
5119 501
5968 502
5479 503
8490 504
938 505
3767 506
546 507
2401 508
5988 509
7927 510
4024 511
5619 512
560 513
266 514
237 515
569 516
6431 517
3651 518
2908 519
492 520
4509 521
3785 522
6800 523
3501 524
750 525
7981 526
6318 527
7504 528
3406 529
7799 530
4640 531
3564 532
2547 533
638 534
8540 535
6196 536
7736 537
5294 538
7579 539
191 540
1371 541
3014 542
6811 543
3335 544
7783 545
2913 546
2641 547
4197 548
1205 549
25 550
3988 551
2257 552
8262 553
2768 554
4784 555
4120 556
1350 557
5761 558
3830 559
6219 560
2753 561
8078 562
3617 563
6789 564
4925 565
7012 566
2214 567
1442 568
4901 569
5554 570
5983 571
6570 572
7567 573
3324 574
1334 575
291 576
1972 577
1764 578
3363 579
3778 580
6112 581
4692 582
4548 583
7016 584
7586 585
1292 586
5404 587
7331 588
4227 589
6940 590
1508 591
7869 592
3707 593
8189 594
292 595
7417 596
3138 597
6307 598
1477 599
8429 600
7648 601
5082 602
4737 603
5117 604
1600 605
7188 606
8052 607
6144 608
329 609
5436 610
5574 611
5839 612
2066 613
4083 614
2422 615
2405 616
3939 617
1576 618
4047 619
5141 620
8176 621
3893 622
1462 623
2053 624
4842 625
6347 626
1913 627
390 628
2543 629
1416 630
4236 631
6406 632
883 633
5817 634
7284 635
5255 636
8135 637
6402 638
7481 639
1067 640
6014 641
5827 642
4158 643
5941 644
4379 645
4717 646
2925 647
3839 648
4748 649
5176 650
1503 651
6485 652
6552 653
4639 654
1283 655
5111 656
1361 657
3257 658
4019 659
1761 660
323 661
5870 662
5520 663
7754 664
3530 665
3483 666
2072 667
6723 668
2993 669
5081 670
7758 671
7756 672
1807 673
1413 674
6555 675
7546 676
7784 677
6120 678
177 679
6172 680
5500 681
1754 682
5558 683
8257 684
5773 685
7192 686
4244 687
6519 688
7477 689
3303 690
2200 691
4642 692
1985 693
2580 694
8184 695
6500 696
5335 697
1623 698
2321 699
8096 700
5589 701
8289 702
6455 703
2267 704
7293 705
452 706
8545 707
1793 708
6657 709
5683 710
5124 711
5151 712
4070 713
3835 714
1500 715
5871 716
6845 717
4946 718
7415 719
6006 720
6390 721
2587 722
3532 723
6956 724
7760 725
954 726
7189 727
3682 728
6516 729
3015 730
8355 731
6070 732
7519 733
7506 734
5062 735
6822 736
5497 737
3705 738
2572 739
5266 740
6002 741
7922 742
6949 743
7612 744
1191 745
8505 746
8186 747
7723 748
1710 749
5556 750
2986 751
6696 752
234 753
7190 754
5178 755
8022 756
7248 757
3436 758
5017 759
7453 760
7246 761
534 762
7451 763
6964 764
8346 765
8029 766
3261 767
1032 768
3471 769
5617 770
4152 771
1667 772
2154 773
1509 774
4702 775
1357 776
1150 777
7031 778
2369 779
7727 780
4018 781
6506 782
4153 783
4203 784
4592 785
697 786
1005 787
649 788
1337 789
5958 790
1129 791
6641 792
5435 793
3253 794
1157 795
8109 796
1855 797
5638 798
8166 799
2640 800
4013 801
8420 802
7458 803
7335 804
3350 805
2904 806
775 807
4614 808
1538 809
930 810
1799 811
2828 812
1899 813
6538 814
7169 815
5560 816
681 817
3285 818
3392 819
2456 820
6835 821
133 822
7041 823
8336 824
7309 825
8387 826
6223 827
7422 828
7671 829
3661 830
4479 831
781 832
6420 833
6677 834
946 835
613 836
6695 837
209 838
6758 839
4405 840
242 841
1540 842
5820 843
4136 844
1532 845
221 846
7392 847
7007 848
5865 849
474 850
975 851
5311 852
8148 853
3163 854
7360 855
7467 856
4762 857
7049 858
1387 859
9 860
633 861
4492 862
5626 863
6594 864
2085 865
3620 866
4359 867
4300 868
3609 869
547 870
2567 871
4801 872
75 873
2168 874
5756 875
7843 876
5745 877
4857 878
4669 879
5748 880
5145 881
3733 882
1426 883
6683 884
737 885
3005 886
6952 887
8119 888
4648 889
7147 890
4101 891
710 892
2918 893
4220 894
3637 895
4174 896
5444 897
4406 898
8538 899
8474 900
3828 901
4952 902
2946 903
844 904
3185 905
8063 906
3296 907
7626 908
3423 909
2360 910
7854 911
5225 912
3738 913
6784 914
6079 915
6447 916
7598 917
1725 918
2202 919
6907 920
1266 921
1676 922
2189 923
8497 924
8309 925
7924 926
2372 927
7883 928
4270 929
5758 930
2324 931
1217 932
5428 933
5220 934
8559 935
3091 936
6061 937
4326 938
1613 939
1006 940
4781 941
6741 942
238 943
7048 944
7934 945
1065 946
7865 947
4159 948
4649 949
331 950
8192 951
3342 952
4475 953
6150 954
6281 955
6513 956
8137 957
628 958
7952 959
5908 960
3143 961
8507 962
3085 963
1978 964
2110 965
2886 966
605 967
7151 968
5486 969
2582 970
6166 971
1739 972
1849 973
3381 974
3201 975
1418 976
1575 977
4510 978
2824 979
4113 980
7745 981
2702 982
5557 983
7652 984
854 985
2552 986
4373 987
1424 988
1372 989
6938 990
7191 991
2655 992
5406 993
7526 994
4312 995
3583 996
2499 997
7112 998
5751 999
6203 1000
4615 1001
1330 1002
4611 1003
7193 1004
7361 1005
5386 1006
7892 1007
6928 1008
2665 1009
5242 1010
3167 1011
1965 1012
1666 1013
7140 1014
6310 1015
4058 1016
34 1017
4799 1018
2544 1019
2084 1020
3716 1021
5653 1022
6617 1023
2472 1024
3003 1025
528 1026
411 1027
8253 1028
7114 1029
2790 1030
6289 1031
4114 1032
1317 1033
8128 1034
8413 1035
6899 1036
2623 1037
7064 1038
6839 1039
3521 1040
8369 1041
5966 1042
8513 1043
3576 1044
4347 1045
6320 1046
2305 1047
6085 1048
5159 1049
4935 1050
1437 1051
8057 1052
2415 1053
6479 1054
8214 1055
2560 1056
1774 1057
1975 1058
7257 1059
3382 1060
243 1061
5830 1062
4859 1063
3412 1064
7885 1065
3540 1066
4560 1067
7709 1068
3958 1069
125 1070
4272 1071
1244 1072
5378 1073
3775 1074
6389 1075
3279 1076
6294 1077
4260 1078
1295 1079
7562 1080
4335 1081
3980 1082
3764 1083
5689 1084
3581 1085
5408 1086
3514 1087
7173 1088
7123 1089
5354 1090
6372 1091
5823 1092
644 1093
3347 1094
7409 1095
8256 1096
3916 1097
889 1098
779 1099
5134 1100
7152 1101
1151 1102
4467 1103
6678 1104
2782 1105
2595 1106
6298 1107
2606 1108
6468 1109
7 1110
3306 1111
5815 1112
4896 1113
2805 1114
1094 1115
414 1116
8378 1117
7558 1118
5181 1119
3051 1120
4288 1121
2657 1122
7664 1123
3486 1124
70 1125
8064 1126
7089 1127
1891 1128
1434 1129
7259 1130
583 1131
7750 1132
3950 1133
2921 1134
5003 1135
2442 1136
4606 1137
2176 1138
4387 1139
674 1140
5720 1141
4298 1142
1269 1143
6880 1144
6424 1145
7746 1146
2109 1147
2365 1148
1459 1149
1045 1150
2440 1151
7949 1152
3271 1153
3742 1154
2486 1155
6181 1156
5193 1157
5519 1158
1802 1159
1846 1160
5028 1161
4436 1162
5628 1163
1703 1164
6824 1165
2316 1166
2899 1167
2477 1168
3701 1169
3589 1170
5177 1171
3518 1172
3892 1173
2559 1174
1024 1175
6366 1176
6069 1177
1455 1178
1514 1179
8031 1180
3615 1181
7688 1182
2834 1183
6802 1184
5599 1185
6787 1186
7290 1187
2654 1188
161 1189
5107 1190
4412 1191
5639 1192
8101 1193
7431 1194
6260 1195
2117 1196
2995 1197
1901 1198
4180 1199
7509 1200
2336 1201
4226 1202
2101 1203
7650 1204
1300 1205
2915 1206
6827 1207
4265 1208
2264 1209
8565 1210
8066 1211
4122 1212
7461 1213
1721 1214
5951 1215
8521 1216
5679 1217
6797 1218
991 1219
6852 1220
7629 1221
2106 1222
6363 1223
2001 1224
7999 1225
2494 1226
461 1227
6038 1228
1825 1229
3515 1230
1579 1231
2489 1232
2936 1233
1231 1234
7797 1235
5251 1236
4100 1237
5963 1238
7066 1239
1012 1240
263 1241
8276 1242
7377 1243
1973 1244
609 1245
4936 1246
2458 1247
4939 1248
1106 1249
2951 1250
4815 1251
7656 1252
8247 1253
6190 1254
44 1255
580 1256
2423 1257
2308 1258
2301 1259
3174 1260
4741 1261
4740 1262
328 1263
3469 1264
41 1265
4532 1266
910 1267
5169 1268
7853 1269
4747 1270
6060 1271
6566 1272
7342 1273
6427 1274
139 1275
1588 1276
2218 1277
8323 1278
7313 1279
879 1280
7258 1281
3531 1282
6195 1283
3684 1284
3880 1285
7525 1286
1547 1287
7474 1288
612 1289
771 1290
5526 1291
3428 1292
6034 1293
5000 1294
336 1295
3379 1296
7418 1297
5433 1298
6735 1299
7795 1300
520 1301
5395 1302
8366 1303
8036 1304
4368 1305
7905 1306
2438 1307
7414 1308
7358 1309
4636 1310
2610 1311
5029 1312
4424 1313
4124 1314
2289 1315
7110 1316
1268 1317
2002 1318
5640 1319
1373 1320
874 1321
6047 1322
5914 1323
285 1324
1920 1325
3931 1326
4307 1327
3964 1328
309 1329
513 1330
6812 1331
4425 1332
1325 1333
5113 1334
2161 1335
5506 1336
2132 1337
7158 1338
7283 1339
3061 1340
5423 1341
3970 1342
2674 1343
6634 1344
4714 1345
4185 1346
1349 1347
4110 1348
8055 1349
7499 1350
23 1351
5553 1352
5309 1353
2736 1354
206 1355
5438 1356
4526 1357
5052 1358
4655 1359
112 1360
8428 1361
3288 1362
6515 1363
3941 1364
2204 1365
5724 1366
4507 1367
2842 1368
2748 1369
3766 1370
5685 1371
998 1372
4868 1373
5109 1374
7624 1375
4566 1376
4085 1377
2376 1378
2952 1379
2126 1380
3832 1381
5443 1382
4848 1383
2482 1384
4413 1385
2617 1386
4883 1387
1135 1388
5844 1389
6890 1390
4756 1391
8411 1392
8006 1393
756 1394
5739 1395
4284 1396
3607 1397
1321 1398
5710 1399
6793 1400
7206 1401
2947 1402
8273 1403
1584 1404
3614 1405
804 1406
657 1407
1581 1408
6395 1409
5488 1410
1831 1411
7144 1412
689 1413
5549 1414
5916 1415
1199 1416
6399 1417
4006 1418
8503 1419
6805 1420
744 1421
5076 1422
935 1423
5219 1424
2885 1425
4719 1426
7442 1427
1960 1428
5494 1429
561 1430
4872 1431
4678 1432
5350 1433
1559 1434
897 1435
2814 1436
3855 1437
3247 1438
936 1439
1354 1440
4725 1441
4671 1442
2978 1443
8534 1444
640 1445
385 1446
4209 1447
2386 1448
1322 1449
3550 1450
7330 1451
489 1452
4792 1453
7412 1454
7585 1455
6993 1456
5705 1457
5620 1458
5316 1459
2007 1460
2454 1461
8204 1462
3027 1463
891 1464
2972 1465
1076 1466
4161 1467
6663 1468
6925 1469
4720 1470
1806 1471
4212 1472
8267 1473
4169 1474
7281 1475
2613 1476
3024 1477
716 1478
5197 1479
8340 1480
7469 1481
5663 1482
3224 1483
8083 1484
1772 1485
7389 1486
5696 1487
7699 1488
3237 1489
4873 1490
1797 1491
950 1492
4401 1493
3602 1494
2017 1495
5422 1496
6859 1497
7642 1498
8222 1499
1661 1500
6777 1501
833 1502
1110 1503
845 1504
4389 1505
1560 1506
3159 1507
4458 1508
3882 1509
8339 1510
6183 1511
5597 1512
1343 1513
4814 1514
8249 1515
7164 1516
4525 1517
6286 1518
2048 1519
5102 1520
6324 1521
249 1522
6199 1523
7810 1524
6652 1525
1285 1526
7545 1527
4865 1528
3650 1529
1359 1530
1697 1531
5068 1532
6382 1533
4788 1534
6954 1535
1819 1536
7400 1537
2895 1538
7722 1539
7965 1540
5071 1541
1603 1542
1708 1543
1274 1544
8563 1545
7492 1546
7877 1547
892 1548
2159 1549
7790 1550
150 1551
6772 1552
6730 1553
3618 1554
6456 1555
4454 1556
1104 1557
3328 1558
7765 1559
453 1560
979 1561
4081 1562
4202 1563
978 1564
648 1565
6214 1566
1162 1567
7470 1568
5686 1569
4339 1570
7296 1571
2317 1572
3700 1573
774 1574
3110 1575
6910 1576
6159 1577
1302 1578
2700 1579
2274 1580
4469 1581
1756 1582
7611 1583
193 1584
793 1585
7871 1586
3106 1587
6191 1588
5935 1589
471 1590
1722 1591
2919 1592
5090 1593
3272 1594
6139 1595
8384 1596
2045 1597
2138 1598
4231 1599
5263 1600
1259 1601
7403 1602
6063 1603
4610 1604
4870 1605
1620 1606
5496 1607
8332 1608
214 1609
1132 1610
1684 1611
2646 1612
3343 1613
6339 1614
5447 1615
4399 1616
8194 1617
3425 1618
2831 1619
4392 1620
4015 1621
5398 1622
5053 1623
6475 1624
5226 1625
1937 1626
7984 1627
603 1628
2414 1629
4118 1630
916 1631
1353 1632
3805 1633
1542 1634
4962 1635
5562 1636
2032 1637
7541 1638
1690 1639
1445 1640
55 1641
906 1642
5237 1643
6915 1644
2406 1645
4569 1646
4991 1647
6078 1648
6867 1649
7960 1650
5338 1651
8457 1652
5241 1653
1541 1654
574 1655
3212 1656
3671 1657
586 1658
8419 1659
182 1660
5173 1661
4679 1662
2393 1663
1968 1664
7591 1665
4366 1666
3773 1667
853 1668
216 1669
4026 1670
2145 1671
1993 1672
2800 1673
8201 1674
6619 1675
3628 1676
7229 1677
5749 1678
1103 1679
4032 1680
1646 1681
5185 1682
280 1683
3275 1684
7931 1685
1912 1686
4381 1687
2650 1688
3431 1689
7597 1690
2452 1691
3394 1692
7263 1693
4797 1694
4086 1695
2988 1696
3241 1697
6725 1698
4234 1699
5505 1700
5046 1701
7524 1702
6258 1703
4362 1704
2615 1705
6251 1706
4654 1707
4462 1708
3259 1709
8017 1710
4175 1711
5923 1712
5084 1713
5450 1714
2175 1715
7916 1716
3599 1717
566 1718
3613 1719
6472 1720
2575 1721
7749 1722
2678 1723
2588 1724
6701 1725
7731 1726
3529 1727
1660 1728
6380 1729
6704 1730
3293 1731
7767 1732
5648 1733
4390 1734
2073 1735
7946 1736
1773 1737
3888 1738
3450 1739
3187 1740
3534 1741
885 1742
670 1743
6062 1744
2931 1745
3499 1746
7285 1747
806 1748
4423 1749
7106 1750
1136 1751
3663 1752
3947 1753
4168 1754
1938 1755
2718 1756
5030 1757
7530 1758
2119 1759
418 1760
103 1761
8164 1762
6228 1763
1561 1764
3538 1765
981 1766
2225 1767
3055 1768
5298 1769
5887 1770
1889 1771
1498 1772
3273 1773
5737 1774
7416 1775
5313 1776
5552 1777
5211 1778
6638 1779
7118 1780
7933 1781
5108 1782
964 1783
1617 1784
6173 1785
4262 1786
2917 1787
8000 1788
7639 1789
5731 1790
6971 1791
757 1792
2934 1793
8144 1794
2028 1795
7237 1796
21 1797
6332 1798
5384 1799
198 1800
295 1801
7465 1802
2013 1803
3012 1804
4863 1805
3596 1806
6400 1807
6010 1808
2128 1809
559 1810
428 1811
4609 1812
5691 1813
4834 1814
2281 1815
4193 1816
5623 1817
5106 1818
5024 1819
3479 1820
2009 1821
5059 1822
2129 1823
1137 1824
6977 1825
3598 1826
239 1827
861 1828
4451 1829
4090 1830
2832 1831
2929 1832
5143 1833
1403 1834
8542 1835
7366 1836
481 1837
2341 1838
933 1839
1798 1840
7995 1841
1130 1842
5611 1843
3626 1844
973 1845
6527 1846
2859 1847
3332 1848
3824 1849
7718 1850
1412 1851
2688 1852
6608 1853
829 1854
1869 1855
4255 1856
7807 1857
7693 1858
6875 1859
5694 1860
4205 1861
1196 1862
5882 1863
7124 1864
259 1865
5257 1866
2836 1867
7321 1868
3833 1869
1555 1870
4979 1871
2190 1872
2139 1873
2708 1874
454 1875
1008 1876
3642 1877
4847 1878
3578 1879
215 1880
2418 1881
1261 1882
3251 1883
6362 1884
15 1885
4578 1886
5528 1887
1543 1888
8033 1889
8227 1890
4715 1891
8040 1892
7771 1893
6328 1894
8564 1895
423 1896
7644 1897
6065 1898
813 1899
5632 1900
6128 1901
81 1902
7223 1903
1377 1904
6603 1905
6795 1906
3877 1907
3182 1908
3563 1909
6623 1910
1214 1911
606 1912
521 1913
4062 1914
93 1915
2912 1916
115 1917
1318 1918
6323 1919
8016 1920
6108 1921
2670 1922
1766 1923
1817 1924
7753 1925
4920 1926
2597 1927
1316 1928
6490 1929
5026 1930
1753 1931
1188 1932
1206 1933
4987 1934
5763 1935
3466 1936
7828 1937
6765 1938
1040 1939
7460 1940
3961 1941
7663 1942
3867 1943
3657 1944
1115 1945
4473 1946
8537 1947
2221 1948
6465 1949
4036 1950
522 1951
6077 1952
5099 1953
1048 1954
8134 1955
2453 1956
6799 1957
5977 1958
6246 1959
5656 1960
2265 1961
4973 1962
2685 1963
6217 1964
2538 1965
3215 1966
6504 1967
5572 1968
6290 1969
8520 1970
4145 1971
6558 1972
1523 1973
6457 1974
3743 1975
2954 1976
1871 1977
8138 1978
6984 1979
3268 1980
5762 1981
2226 1982
6438 1983
178 1984
286 1985
3693 1986
7194 1987
4819 1988
6549 1989
4380 1990
4329 1991
2375 1992
7058 1993
4911 1994
531 1995
7698 1996
4465 1997
3270 1998
2192 1999
4555 2000
7479 2001
3087 2002
1744 2003
8271 2004
6171 2005
1015 2006
3408 2007
8330 2008
6569 2009
2497 2010
5267 2011
6780 2012
6595 2013
2883 2014
2103 2015
2241 2016
7858 2017
584 2018
7804 2019
1490 2020
5905 2021
6116 2022
7316 2023
699 2024
2114 2025
7346 2026
3031 2027
1142 2028
581 2029
6939 2030
5080 2031
377 2032
7714 2033
6685 2034
5050 2035
2395 2036
6645 2037
445 2038
4233 2039
730 2040
3846 2041
913 2042
2234 2043
5960 2044
6001 2045
1405 2046
8401 2047
4199 2048
4769 2049
4040 2050
4752 2051
8282 2052
6169 2053
2935 2054
3080 2055
4743 2056
6334 2057
4273 2058
7046 2059
6033 2060
6529 2061
396 2062
4484 2063
1025 2064
7219 2065
3214 2066
3088 2067
2916 2068
7605 2069
8568 2070
2853 2071
6509 2072
4534 2073
4963 2074
5904 2075
1307 2076
5531 2077
4570 2078
3155 2079
4732 2080
958 2081
6937 2082
6119 2083
7074 2084
5630 2085
951 2086
5351 2087
4932 2088
7668 2089
1679 2090
2428 2091
1783 2092
7326 2093
4016 2094
7835 2095
8023 2096
2907 2097
1212 2098
3300 2099
6624 2100
312 2101
7643 2102
2358 2103
4115 2104
5682 2105
2967 2106
776 2107
1463 2108
3323 2109
6405 2110
251 2111
2777 2112
7384 2113
7993 2114
3548 2115
6966 2116
3311 2117
1515 2118
5793 2119
3652 2120
6654 2121
5698 2122
4208 2123
3018 2124
4835 2125
6554 2126
7878 2127
7091 2128
623 2129
6851 2130
6535 2131
5481 2132
1882 2133
8376 2134
315 2135
5380 2136
7306 2137
2961 2138
8296 2139
543 2140
2095 2141
6770 2142
2647 2143
3223 2144
791 2145
1341 2146
7094 2147
7242 2148
7717 2149
3007 2150
5160 2151
7480 2152
6798 2153
4877 2154
3954 2155
7432 2156
3753 2157
5174 2158
7379 2159
4482 2160
5318 2161
2890 2162
6775 2163
5004 2164
866 2165
8155 2166
882 2167
5649 2168
4351 2169
5397 2170
2235 2171
6354 2172
5467 2173
7468 2174
4926 2175
1128 2176
37 2177
7872 2178
5346 2179
5132 2180
6461 2181
3756 2182
504 2183
430 2184
395 2185
4942 2186
156 2187
5361 2188
1626 2189
8443 2190
7863 2191
7302 2192
1988 2193
4259 2194
5779 2195
2628 2196
2600 2197
962 2198
3541 2199
1145 2200
4404 2201
1886 2202
5707 2203
1420 2204
8524 2205
2231 2206
5573 2207
1634 2208
2186 2209
4545 2210
2691 2211
3103 2212
3836 2213
6349 2214
7456 2215
2377 2216
8325 2217
7090 2218
573 2219
5324 2220
128 2221
7495 2222
1682 2223
6106 2224
6606 2225
4480 2226
342 2227
8076 2228
4358 2229
1669 2230
3265 2231
5944 2232
114 2233
6101 2234
2184 2235
2426 2236
4612 2237
6397 2238
5414 2239
294 2240
5472 2241
8364 2242
4235 2243
822 2244
8073 2245
3630 2246
6962 2247
1164 2248
58 2249
3404 2250
4421 2251
2256 2252
1060 2253
3190 2254
7236 2255
3553 2256
3656 2257
2474 2258
123 2259
6612 2260
6763 2261
5551 2262
4794 2263
4474 2264
2088 2265
6642 2266
7196 2267
4619 2268
3330 2269
3676 2270
2071 2271
1940 2272
146 2273
7042 2274
277 2275
8167 2276
1709 2277
8485 2278
7350 2279
667 2280
3370 2281
4033 2282
5674 2283
961 2284
6096 2285
8553 2286
3309 2287
5808 2288
5347 2289
1706 2290
8221 2291
3438 2292
722 2293
1236 2294
2319 2295
8072 2296
6700 2297
3909 2298
8356 2299
7879 2300
526 2301
2479 2302
4632 2303
7989 2304
8312 2305
7351 2306
1138 2307
2425 2308
3413 2309
8471 2310
4958 2311
1053 2312
2299 2313
7093 2314
8230 2315
4448 2316
599 2317
5729 2318
1512 2319
6351 2320
458 2321
5297 2322
3808 2323
5091 2324
5750 2325
1118 2326
61 2327
8303 2328
1347 2329
5425 2330
5417 2331
6571 2332
7563 2333
2083 2334
1342 2335
5319 2336
1355 2337
6524 2338
6946 2339
1631 2340
4637 2341
2802 2342
3177 2343
5598 2344
6129 2345
7703 2346
2981 2347
8527 2348
4696 2349
5835 2350
5587 2351
880 2352
665 2353
6855 2354
6284 2355
3150 2356
429 2357
5212 2358
7208 2359
1113 2360
1728 2361
8246 2362
2704 2363
220 2364
8067 2365
2090 2366
3468 2367
1845 2368
5591 2369
5315 2370
4675 2371
8027 2372
7197 2373
2023 2374
2260 2375
6474 2376
1824 2377
2751 2378
7065 2379
4625 2380
6102 2381
6378 2382
3200 2383
869 2384
2371 2385
5057 2386
2427 2387
661 2388
5578 2389
6051 2390
2113 2391
1609 2392
704 2393
2867 2394
1163 2395
6596 2396
6877 2397
2092 2398
5885 2399
6403 2400
4139 2401
3875 2402
1328 2403
1453 2404
7855 2405
3386 2406
2046 2407
3341 2408
7314 2409
1696 2410
2781 2411
7343 2412
1197 2413
2076 2414
6912 2415
6188 2416
5513 2417
3755 2418
6345 2419
8529 2420
3673 2421
6333 2422
6043 2423
2911 2424
2127 2425
113 2426
1929 2427
1865 2428
7420 2429
5312 2430
2666 2431
2625 2432
1830 2433
6417 2434
3472 2435
3698 2436
2233 2437
4629 2438
2969 2439
2187 2440
450 2441
181 2442
2813 2443
5041 2444
3800 2445
5492 2446
7433 2447
7662 2448
4981 2449
2722 2450
4645 2451
4502 2452
3913 2453
7488 2454
1000 2455
5606 2456
1971 2457
7340 2458
2354 2459
4219 2460
7004 2461
6089 2462
6185 2463
7262 2464
687 2465
3558 2466
541 2467
3078 2468
6697 2469
4999 2470
1801 2471
6578 2472
229 2473
4142 2474
7084 2475
2468 2476
6156 2477
1954 2478
2277 2479
5499 2480
4242 2481
715 2482
2205 2483
3850 2484
4051 2485
5892 2486
7535 2487
6892 2488
1524 2489
2079 2490
3600 2491
337 2492
6861 2493
1805 2494
6662 2495
5037 2496
8319 2497
4331 2498
3074 2499
5938 2500
2424 2501
1491 2502
4964 2503
707 2504
2246 2505
4334 2506
3263 2507
6568 2508
2764 2509
554 2510
2848 2511
823 2512
8158 2513
5416 2514
6026 2515
5184 2516
3726 2517
7959 2518
1712 2519
1982 2520
3866 2521
7131 2522
473 2523
1692 2524
1427 2525
5477 2526
4082 2527
2038 2528
3284 2529
4291 2530
8220 2531
6067 2532
1792 2533
1961 2534
2566 2535
5401 2536
2779 2537
3634 2538
642 2539
602 2540
131 2541
4394 2542
2982 2543
8250 2544
5650 2545
3831 2546
482 2547
1195 2548
3366 2549
6029 2550
4765 2551
1294 2552
2635 2553
6720 2554
3039 2555
151 2556
6965 2557
1843 2558
3419 2559
4749 2560
7288 2561
197 2562
8210 2563
5247 2564
4922 2565
4744 2566
7095 2567
6582 2568
6388 2569
5019 2570
622 2571
80 2572
8251 2573
8233 2574
2574 2575
7987 2576
4994 2577
6121 2578
5684 2579
2709 2580
4787 2581
6688 2582
7176 2583
63 2584
5777 2585
6444 2586
1495 2587
4494 2588
8175 2589
6115 2590
4668 2591
4481 2592
3169 2593
5047 2594
1737 2595
1384 2596
298 2597
7887 2598
5561 2599
611 2600
6920 2601
3633 2602
5484 2603
8509 2604
3635 2605
7623 2606
587 2607
766 2608
4148 2609
2971 2610
6090 2611
7659 2612
2174 2613
1916 2614
488 2615
7672 2616
4800 2617
832 2618
5943 2619
5096 2620
2741 2621
3228 2622
5290 2623
5725 2624
5405 2625
3011 2626
1112 2627
1947 2628
6275 2629
6091 2630
4455 2631
7947 2632
2819 2633
7247 2634
2998 2635
2723 2636
6716 2637
5833 2638
2400 2639
2104 2640
2642 2641
200 2642
3510 2643
2922 2644
4837 2645
426 2646
5812 2647
1931 2648
6207 2649
8370 2650
6135 2651
6588 2652
7035 2653
3649 2654
6785 2655
5085 2656
1673 2657
2894 2658
8225 2659
4433 2660
7823 2661
2616 2662
2561 2663
1991 2664
8068 2665
1147 2666
4676 2667
4730 2668
2367 2669
1716 2670
8363 2671
201 2672
3870 2673
7179 2674
1228 2675
202 2676
3264 2677
4684 2678
3944 2679
7195 2680
4045 2681
7018 2682
2958 2683
1287 2684
662 2685
4690 2686
2770 2687
5861 2688
8389 2689
8075 2690
5539 2691
348 2692
969 2693
5595 2694
6796 2695
4073 2696
5989 2697
4818 2698
2351 2699
7886 2700
3845 2701
1558 2702
955 2703
3367 2704
7250 2705
3873 2706
7902 2707
1152 2708
7322 2709
421 2710
2512 2711
1513 2712
3494 2713
1415 2714
6776 2715
1596 2716
693 2717
692 2718
7063 2719
8103 2720
5546 2721
6876 2722
2075 2723
4488 2724
6781 2725
3863 2726
4711 2727
6155 2728
226 2729
4066 2730
3584 2731
86 2732
4650 2733
1927 2734
5284 2735
5718 2736
6236 2737
1840 2738
8239 2739
5612 2740
4992 2741
7160 2742
828 2743
676 2744
2884 2745
4344 2746
4069 2747
1998 2748
443 2749
6969 2750
811 2751
4844 2752
1479 2753
5044 2754
4130 2755
6834 2756
2546 2757
4969 2758
7838 2759
6407 2760
7009 2761
8405 2762
6309 2763
320 2764
7021 2765
3457 2766
3357 2767
6902 2768
2059 2769
2537 2770
654 2771
675 2772
2178 2773
8359 2774
6748 2775
1041 2776
8463 2777
1746 2778
3235 2779
7428 2780
2532 2781
8562 2782
6124 2783
5278 2784
2953 2785
6665 2786
1836 2787
6712 2788
6130 2789
4014 2790
8095 2791
6650 2792
8104 2793
4968 2794
5946 2795
1934 2796
7264 2797
3555 2798
3359 2799
5156 2800
6374 2801
1979 2802
4864 2803
7953 2804
2549 2805
989 2806
7102 2807
1878 2808
5600 2809
1784 2810
7165 2811
7654 2812
5618 2813
3267 2814
6008 2815
3133 2816
3307 2817
3304 2818
2950 2819
3388 2820
4098 2821
2694 2822
8414 2823
5999 2824
5232 2825
8357 2826
1517 2827
1736 2828
7221 2829
7222 2830
5320 2831
4989 2832
372 2833
2762 2834
1738 2835
33 2836
7846 2837
207 2838
219 2839
5525 2840
4367 2841
1492 2842
3470 2843
7719 2844
8252 2845
1448 2846
5265 2847
5586 2848
5288 2849
8150 2850
87 2851
1651 2852
1430 2853
1875 2854
1677 2855
2651 2856
1654 2857
6126 2858
2683 2859
4874 2860
4695 2861
4581 2862
4982 2863
5310 2864
2769 2865
1016 2866
3946 2867
2622 2868
256 2869
7635 2870
970 2871
5005 2872
6379 2873
3772 2874
3975 2875
5898 2876
4825 2877
7438 2878
6825 2879
6036 2880
1919 2881
7938 2882
8460 2883
7555 2884
604 2885
5092 2886
4048 2887
222 2888
228 2889
8451 2890
4194 2891
3414 2892
7951 2893
4409 2894
2551 2895
3411 2896
4516 2897
7292 2898
7564 2899
5677 2900
5214 2901
5094 2902
3336 2903
5601 2904
7070 2905
533 2906
3670 2907
1277 2908
2501 2909
5622 2910
1358 2911
3402 2912
4887 2913
1120 2914
2382 2915
3441 2916
5728 2917
2875 2918
2417 2919
8140 2920
7721 2921
7655 2922
4428 2923
8331 2924
3329 2925
6761 2926
3462 2927
6476 2928
617 2929
3940 2930
8270 2931
2087 2932
3202 2933
6 2934
5712 2935
3559 2936
174 2937
2331 2938
3325 2939
2330 2940
7686 2941
4470 2942
1069 2943
945 2944
5813 2945
4805 2946
1399 2947
8291 2948
2042 2949
8284 2950
6245 2951
7154 2952
5168 2953
6895 2954
8353 2955
2467 2956
300 2957
3665 2958
6756 2959
1168 2960
5189 2961
8394 2962
5893 2963
6576 2964
235 2965
8125 2966
7171 2967
2822 2968
7897 2969
8032 2970
6075 2971
4035 2972
6773 2973
4597 2974
7139 2975
6999 2976
1951 2977
1192 2978
2441 2979
7841 2980
4875 2981
3776 2982
6027 2983
90 2984
1974 2985
7631 2986
6702 2987
7220 2988
6830 2989
5130 2990
68 2991
7825 2992
610 2993
188 2994
1262 2995
7844 2996
7677 2997
7769 2998
6960 2999
5931 3000
2303 3001
7410 3002
4107 3003
6145 3004
129 3005
4356 3006
3219 3007
4495 3008
8344 3009
920 3010
680 3011
5886 3012
5693 3013
7421 3014
2296 3015
2444 3016
505 3017
2096 3018
5537 3019
6543 3020
72 3021
5183 3022
7516 3023
1962 3024
7440 3025
3795 3026
8316 3027
1085 3028
963 3029
3029 3030
1278 3031
1729 3032
6344 3033
6842 3034
7589 3035
311 3036
725 3037
7822 3038
140 3039
5332 3040
1688 3041
4217 3042
1689 3043
40 3044
8368 3045
5077 3046
7181 3047
685 3048
6220 3049
3603 3050
2843 3051
7006 3052
8488 3053
6276 3054
3639 3055
500 3056
5372 3057
4930 3058
3721 3059
7077 3060
254 3061
3853 3062
6221 3063
5752 3064
5786 3065
1813 3066
427 3067
403 3068
6941 3069
4884 3070
6073 3071
3891 3072
1207 3073
836 3074
6849 3075
6746 3076
5753 3077
4314 3078
2081 3079
7163 3080
2283 3081
6923 3082
2086 3083
5374 3084
703 3085
3192 3086
306 3087
6986 3088
6353 3089
796 3090
7395 3091
6891 3092
3751 3093
2809 3094
6560 3095
8232 3096
509 3097
1052 3098
7976 3099
6244 3100
816 3101
3936 3102
851 3103
4172 3104
1044 3105
1496 3106
753 3107
1585 3108
7827 3109
6577 3110
3373 3111
5250 3112
3902 3113
6898 3114
4088 3115
368 3116
1035 3117
2068 3118
5 3119
2788 3120
7028 3121
2855 3122
1574 3123
3674 3124
2337 3125
5657 3126
5364 3127
2669 3128
6153 3129
4660 3130
7547 3131
3522 3132
6750 3133
1943 3134
5456 3135
4238 3136
666 3137
4429 3138
1264 3139
7557 3140
341 3141
2491 3142
6265 3143
6361 3144
5655 3145
157 3146
158 3147
6003 3148
4281 3149
4990 3150
4055 3151
5714 3152
712 3153
8407 3154
227 3155
1680 3156
1339 3157
3305 3158
3123 3159
2015 3160
4778 3161
2334 3162
4861 3163
5356 3164
6659 3165
6358 3166
2476 3167
7888 3168
8576 3169
5114 3170
4323 3171
1139 3172
1731 3173
7915 3174
7852 3175
886 3176
5832 3177
6271 3178
2430 3179
19 3180
4665 3181
4005 3182
514 3183
1652 3184
6262 3185
2266 3186
6853 3187
5719 3188
262 3189
3396 3190
4029 3191
5964 3192
7333 3193
2057 3194
3013 3195
2731 3196
2511 3197
2433 3198
5009 3199
4589 3200
4126 3201
3095 3202
5429 3203
208 3204
4931 3205
7159 3206
24 3207
4716 3208
2070 3209
1550 3210
5791 3211
6213 3212
8026 3213
4342 3214
6968 3215
4450 3216
1794 3217
6136 3218
4515 3219
3290 3220
2463 3221
1393 3222
135 3223
3289 3224
5917 3225
6373 3226
3109 3227
3334 3228
4820 3229
5420 3230
1189 3231
6668 3232
3960 3233
148 3234
3982 3235
6622 3236
6141 3237
4103 3238
4940 3239
6356 3240
1815 3241
5254 3242
4951 3243
2293 3244
3876 3245
4064 3246
620 3247
2173 3248
313 3249
555 3250
3449 3251
3026 3252
7407 3253
3081 3254
2754 3255
3245 3256
7634 3257
2991 3258
1408 3259
7205 3260
2887 3261
1822 3262
8152 3263
1356 3264
5647 3265
7129 3266
1897 3267
4483 3268
350 3269
8132 3270
8131 3271
2861 3272
5224 3273
4447 3274
6278 3275
7903 3276
1566 3277
6046 3278
4585 3279
4430 3280
2404 3281
1554 3282
8498 3283
3859 3284
8161 3285
1088 3286
6376 3287
2439 3288
7059 3289
5928 3290
8094 3291
1175 3292
6114 3293
6738 3294
2033 3295
6022 3296
8500 3297
5924 3298
7701 3299
4817 3300
3416 3301
6507 3302
2495 3303
8174 3304
1870 3305
4050 3306
5355 3307
1487 3308
3710 3309
3180 3310
5947 3311
3590 3312
265 3313
3790 3314
1914 3315
3749 3316
1917 3317
4894 3318
8348 3319
3814 3320
8381 3321
351 3322
3362 3323
5834 3324
4328 3325
8058 3326
1907 3327
530 3328
1743 3329
8469 3330
7685 3331
6742 3332
7029 3333
2333 3334
3194 3335
6600 3336
3731 3337
302 3338
5079 3339
8385 3340
3461 3341
6884 3342
4125 3343
447 3344
1966 3345
5066 3346
6836 3347
4513 3348
8088 3349
6766 3350
346 3351
5584 3352
4128 3353
2531 3354
6838 3355
1691 3356
163 3357
5704 3358
1270 3359
7950 3360
965 3361
4653 3362
6165 3363
2930 3364
1851 3365
7162 3366
3239 3367
6917 3368
600 3369
2487 3370
3524 3371
1668 3372
4829 3373
2571 3374
7072 3375
6610 3376
8531 3377
4838 3378
6039 3379
3860 3380
8292 3381
2288 3382
2248 3383
5785 3384
6242 3385
4221 3386
6904 3387
3745 3388
7962 3389
5135 3390
5295 3391
2789 3392
7336 3393
6093 3394
8544 3395
4178 3396
3433 3397
7261 3398
2133 3399
1367 3400
3488 3401
3119 3402
686 3403
5362 3404
3734 3405
6847 3406
2891 3407
1014 3408
5379 3409
6661 3410
7098 3411
1820 3412
1086 3413
7975 3414
4600 3415
4052 3416
4123 3417
5087 3418
1239 3419
8456 3420
7039 3421
5821 3422
6491 3423
6936 3424
1386 3425
7427 3426
3606 3427
2618 3428
4049 3429
1090 3430
7491 3431
4736 3432
904 3433
1930 3434
7056 3435
370 3436
8304 3437
664 3438
6648 3439
1808 3440
4289 3441
6532 3442
2797 3443
3090 3444
6563 3445
6224 3446
8487 3447
7785 3448
875 3449
5161 3450
3126 3451
4906 3452
4001 3453
7640 3454
8042 3455
4613 3456
6241 3457
6631 3458
1074 3459
6084 3460
3965 3461
510 3462
3725 3463
5701 3464
376 3465
1936 3466
8475 3467
7809 3468
2219 3469
8431 3470
1458 3471
7117 3472
6528 3473
4211 3474
3203 3475
1456 3476
1568 3477
3761 3478
6497 3479
538 3480
2698 3481
109 3482
5352 3483
8442 3484
3082 3485
839 3486
7339 3487
2662 3488
2865 3489
5872 3490
4340 3491
4204 3492
6288 3493
6035 3494
2868 3495
7621 3496
98 3497
805 3498
3542 3499
8343 3500
5995 3501
6210 3502
7565 3503
8001 3504
5191 3505
733 3506
650 3507
3989 3508
2874 3509
7636 3510
1649 3511
1010 3512
1876 3513
1655 3514
1237 3515
7507 3516
2539 3517
3523 3518
3002 3519
3142 3520
6534 3521
6414 3522
2215 3523
5430 3524
2712 3525
6911 3526
5625 3527
378 3528
748 3529
4053 3530
821 3531
3222 3532
5730 3533
1777 3534
843 3535
8177 3536
997 3537
2279 3538
524 3539
8293 3540
8070 3541
4904 3542
3612 3543
5342 3544
2964 3545
1552 3546
6177 3547
3917 3548
4119 3549
4131 3550
5676 3551
352 3552
8318 3553
3557 3554
4079 3555
4504 3556
4750 3557
5072 3558
4408 3559
4493 3560
173 3561
6510 3562
4039 3563
1932 3564
5495 3565
4096 3566
7793 3567
8409 3568
369 3569
5375 3570
2563 3571
4245 3572
5051 3573
2505 3574
5962 3575
3720 3576
2721 3577
4584 3578
7744 3579
2445 3580
2049 3581
3141 3582
1345 3583
6138 3584
4641 3585
5154 3586
4976 3587
615 3588
5644 3589
2362 3590
1844 3591
8549 3592
4871 3593
2780 3594
5660 3595
1534 3596
5021 3597
3757 3598
1481 3599
401 3600
6392 3601
577 3602
1093 3603
4656 3604
4699 3605
6548 3606
5788 3607
1681 3608
1510 3609
3667 3610
1730 3611
4807 3612
7107 3613
870 3614
7798 3615
3668 3616
3573 3617
4798 3618
7088 3619
6744 3620
5228 3621
6295 3622
8084 3623
1569 3624
8056 3625
2051 3626
8111 3627
7739 3628
7813 3629
1004 3630
5555 3631
8483 3632
3704 3633
5965 3634
2984 3635
4967 3636
3269 3637
43 3638
7274 3639
5645 3640
8536 3641
7539 3642
1856 3643
1879 3644
7235 3645
6788 3646
1605 3647
2639 3648
1081 3649
7628 3650
6226 3651
2743 3652
7830 3653
1854 3654
3771 3655
8358 3656
6117 3657
4709 3658
4602 3659
4596 3660
7544 3661
5182 3662
7396 3663
4961 3664
4466 3665
100 3666
4461 3667
6148 3668
7665 3669
4251 3670
7910 3671
6533 3672
8219 3673
7275 3674
7529 3675
925 3676
4705 3677
7726 3678
694 3679
4317 3680
6988 3681
3804 3682
1629 3683
247 3684
3184 3685
1562 3686
7482 3687
4583 3688
4176 3689
270 3690
6525 3691
5112 3692
383 3693
7501 3694
1981 3695
4427 3696
82 3697
556 3698
330 3699
2692 3700
1401 3701
3360 3702
7303 3703
5460 3704
2349 3705
1925 3706
30 3707
4395 3708
1284 3709
3256 3710
3274 3711
802 3712
8117 3713
4056 3714
5972 3715
2481 3716
5388 3717
6829 3718
2733 3719
5709 3720
1713 3721
5716 3722
6764 3723
283 3724
299 3725
8510 3726
1326 3727
2459 3728
4793 3729
7802 3730
6467 3731
4417 3732
1400 3733
4759 3734
2816 3735
1143 3736
8069 3737
3035 3738
3627 3739
6440 3740
1161 3741
5643 3742
6620 3743
2399 3744
6020 3745
6714 3746
7974 3747
1246 3748
7116 3749
6182 3750
1833 3751
2730 3752
1389 3753
5213 3754
5165 3755
8224 3756
64 3757
7201 3758
8435 3759
7679 3760
5101 3761
8203 3762
6987 3763
3998 3764
8010 3765
4860 3766
5286 3767
3458 3768
1417 3769
2111 3770
5996 3771
3712 3772
2556 3773
4772 3774
2108 3775
4851 3776
7601 3777
5542 3778
2847 3779
4683 3780
6229 3781
7297 3782
1948 3783
2311 3784
7280 3785
1520 3786
4757 3787
5186 3788
4624 3789
6385 3790
7873 3791
7408 3792
770 3793
56 3794
119 3795
361 3796
1674 3797
6768 3798
1622 3799
919 3800
6567 3801
281 3802
8127 3803
3044 3804
1608 3805
637 3806
6508 3807
7708 3808
8206 3809
3037 3810
4985 3811
572 3812
1544 3813
3380 3814
4084 3815
7894 3816
1002 3817
1760 3818
2471 3819
1030 3820
921 3821
4007 3822
1213 3823
5229 3824
8085 3825
1714 3826
3566 3827
1734 3828
2948 3829
5697 3830
3926 3831
4452 3832
8163 3833
8142 3834
1036 3835
27 3836
446 3837
1570 3838
840 3839
305 3840
2579 3841
4121 3842
3393 3843
7304 3844
1033 3845
3389 3846
3702 3847
8153 3848
7172 3849
4533 3850
7393 3851
6201 3852
5873 3853
6856 3854
2069 3855
7920 3856
1272 3857
5463 3858
3985 3859
3283 3860
3213 3861
420 3862
1572 3863
2229 3864
631 3865
2992 3866
7087 3867
6471 3868
7170 3869
4780 3870
7399 3871
4917 3872
6974 3873
1273 3874
4375 3875
1700 3876
2926 3877
3789 3878
4909 3879
6234 3880
7014 3881
5669 3882
6889 3883
1704 3884
4109 3885
4634 3886
7233 3887
6886 3888
2162 3889
6599 3890
7134 3891
987 3892
5393 3893
3034 3894
5781 3895
3979 3896
6922 3897
3955 3898
6086 3899
290 3900
3144 3901
5465 3902
6526 3903
8371 3904
1749 3905
4914 3906
4840 3907
7955 3908
4729 3909
511 3910
4179 3911
4396 3912
449 3913
837 3914
4594 3915
4850 3916
4166 3917
2941 3918
736 3919
6346 3920
972 3921
4257 3922
6247 3923
1296 3924
803 3925
91 3926
1020 3927
1894 3928
4143 3929
3727 3930
386 3931
6452 3932
2483 3933
6833 3934
5794 3935
5357 3936
6998 3937
2029 3938
5188 3939
3695 3940
5930 3941
4302 3942
827 3943
8338 3944
1866 3945
6991 3946
4443 3947
7496 3948
5979 3949
7485 3950
2435 3951
4057 3952
4503 3953
3361 3954
2614 3955
6691 3956
6274 3957
7909 3958
5413 3959
2340 3960
3067 3961
3622 3962
7508 3963
1933 3964
3803 3965
2581 3966
8105 3967
7696 3968
6957 3969
7476 3970
8156 3971
5216 3972
4094 3973
5541 3974
3191 3975
2019 3976
2297 3977
121 3978
3816 3979
2833 3980
2493 3981
5948 3982
95 3983
7812 3984
2540 3985
5302 3986
354 3987
3685 3988
1769 3989
8046 3990
4830 3991
3482 3992
4008 3993
7548 3994
2294 3995
8539 3996
2664 3997
728 3998
8477 3999
6786 4000
2355 4001
5627 4002
4371 4003
1414 4004
3447 4005
868 4006
8383 4007
3071 4008
6350 4009
1522 4010
410 4011
8213 4012
6632 4013
3320 4014
7404 4015
4889 4016
2363 4017
506 4018
1506 4019
1499 4020
4529 4021
8228 4022
7860 4023
4266 4024
2668 4025
6230 4026
7121 4027
3236 4028
2302 4029
8226 4030
4093 4031
3992 4032
402 4033
2014 4034
5837 4035
5493 4036
7684 4037
2370 4038
7364 4039
7329 4040
1182 4041
4038 4042
6074 4043
1208 4044
2530 4045
4574 4046
1796 4047
284 4048
7757 4049
759 4050
7551 4051
7646 4052
5470 4053
3135 4054
4664 4055
794 4056
4827 4057
8423 4058
1946 4059
2100 4060
5040 4061
4512 4062
4588 4063
2123 4064
3647 4065
5164 4066
7735 4067
8280 4068
8347 4069
7762 4070
4812 4071
7023 4072
2364 4073
915 4074
672 4075
3374 4076
7582 4077
7455 4078
2578 4079
4617 4080
764 4081
212 4082
6189 4083
8404 4084
7445 4085
2959 4086
3878 4087
5782 4088
5768 4089
2198 4090
3644 4091
2902 4092
8472 4093
2390 4094
6918 4095
5007 4096
3711 4097
5668 4098
4544 4099
924 4100
6975 4101
4921 4102
4376 4103
1718 4104
6315 4105
4623 4106
980 4107
1740 4108
8002 4109
4222 4110
5103 4111
4855 4112
5198 4113
6557 4114
3493 4115
6107 4116
790 4117
8202 4118
3179 4119
4321 4120
7214 4121
2179 4122
7778 4123
3010 4124
1788 4125
4897 4126
2835 4127
5667 4128
4790 4129
5700 4130
1383 4131
8285 4132
6238 4133
4746 4134
1348 4135
5421 4136
3687 4137
5803 4138
3928 4139
2507 4140
5473 4141
4997 4142
47 4143
4846 4144
5209 4145
5604 4146
4723 4147
4905 4148
947 4149
1694 4150
1029 4151
8570 4152
800 4153
74 4154
8546 4155
4724 4156
4604 4157
881 4158
8129 4159
3981 4160
4881 4161
5402 4162
1320 4163
5069 4164
8099 4165
4112 4166
8269 4167
8062 4168
6192 4169
4755 4170
6707 4171
4876 4172
1346 4173
3198 4174
2381 4175
2446 4176
1727 4177
5008 4178
6316 4179
5115 4180
2846 4181
7741 4182
6360 4183
7156 4184
2383 4185
344 4186
8375 4187
6450 4188
2711 4189
3410 4190
267 4191
6664 4192
2985 4193
5896 4194
2216 4195
5891 4196
5822 4197
720 4198
6425 4199
7105 4200
5688 4201
5221 4202
3735 4203
1632 4204
2778 4205
3658 4206
5440 4207
8458 4208
8441 4209
942 4210
809 4211
1489 4212
6646 4213
721 4214
6640 4215
2261 4216
5203 4217
6301 4218
6277 4219
6717 4220
7713 4221
6412 4222
3248 4223
6254 4224
1715 4225
6752 4226
1531 4227
6585 4228
7932 4229
999 4230
4941 4231
8215 4232
7382 4233
3079 4234
629 4235
2564 4236
144 4237
3209 4238
2801 4239
544 4240
1446 4241
2594 4242
6806 4243
5482 4244
7182 4245
6801 4246
3175 4247
1804 4248
6627 4249
4895 4250
2897 4251
6732 4252
3287 4253
374 4254
4489 4255
7463 4256
5862 4257
8402 4258
1068 4259
6865 4260
6028 4261
3164 4262
5277 4263
2329 4264
6667 4265
5075 4266
442 4267
8112 4268
1109 4269
5565 4270
278 4271
645 4272
5536 4273
5662 4274
7024 4275
5548 4276
5475 4277
4760 4278
7387 4279
8449 4280
4618 4281
4943 4282
3481 4283
911 4284
3299 4285
1790 4286
5287 4287
1332 4288
2729 4289
8335 4290
3377 4291
496 4292
6996 4293
1153 4294
4332 4295
5441 4296
1658 4297
3595 4298
3454 4299
1148 4300
5603 4301
553 4302
3640 4303
4315 4304
7968 4305
1198 4306
7638 4307
3487 4308
7175 4309
5843 4310
7347 4311
571 4312
1763 4313
186 4314
5166 4315
7038 4316
1900 4317
1340 4318
678 4319
8398 4320
8047 4321
1672 4322
2604 4323
1785 4324
7689 4325
7240 4326
4751 4327
4438 4328
8243 4329
5471 4330
2671 4331
3886 4332
1184 4333
3654 4334
4928 4335
1078 4336
1468 4337
211 4338
3679 4339
4357 4340
3503 4341
2924 4342
7613 4343
2585 4344
1767 4345
1177 4346
7876 4347
508 4348
5913 4349
417 4350
1501 4351
187 4352
8146 4353
2541 4354
2676 4355
8018 4356
3422 4357
6174 4358
7212 4359
2253 4360
6660 4361
4170 4362
695 4363
6331 4364
8526 4365
6740 4366
660 4367
3678 4368
5664 4369
7216 4370
842 4371
2914 4372
4435 4373
490 4374
4370 4375
7483 4376
7239 4377
708 4378
1789 4379
7523 4380
2687 4381
4459 4382
3318 4383
6718 4384
4144 4385
183 4386
152 4387
5927 4388
4993 4389
7572 4390
7517 4391
1368 4392
8087 4393
465 4394
1180 4395
7837 4396
6559 4397
20 4398
432 4399
3186 4400
3841 4401
4882 4402
3355 4403
3020 4404
6024 4405
1587 4406
274 4407
7372 4408
6817 4409
2521 4410
3777 4411
7914 4412
318 4413
8560 4414
2970 4415
8149 4416
6413 4417
5070 4418
7787 4419
3897 4420
2259 4421
4670 4422
5919 4423
5448 4424
4826 4425
1533 4426
7367 4427
5540 4428
3038 4429
5903 4430
5373 4431
5445 4432
2460 4433
6343 4434
8305 4435
5588 4436
6926 4437
625 4438
7868 4439
6581 4440
6426 4441
3463 4442
4091 4443
1923 4444
2366 4445
1915 4446
7168 4447
6109 4448
2841 4449
1224 4450
314 4451
8053 4452
3995 4453
2011 4454
124 4455
6955 4456
1058 4457
7454 4458
7202 4459
7352 4460
1124 4461
31 4462
3101 4463
5576 4464
8212 4465
5857 4466
60 4467
5023 4468
4343 4469
5517 4470
2682 4471
4147 4472
13 4473
3160 4474
272 4475
8575 4476
6489 4477
192 4478
3291 4479
731 4480
888 4481
180 4482
355 4483
1670 4484
7908 4485
3572 4486
3680 4487
1108 4488
6550 4489
2605 4490
2680 4491
2577 4492
5634 4493
2434 4494
684 4495
6004 4496
1615 4497
5328 4498
5566 4499
6222 4500
399 4501
4892 4502
3792 4503
7824 4504
834 4505
2983 4506
4843 4507
264 4508
6512 4509
1338 4510
2879 4511
1834 4512
1977 4513
7651 4514
4764 4515
3319 4516
6019 4517
1863 4518
3517 4519
6391 4520
2307 4521
497 4522
8139 4523
5670 4524
7120 4525
782 4526
7341 4527
3580 4528
3535 4529
7533 4530
51 4531
387 4532
1699 4533
729 4534
6170 4535
8060 4536
3076 4537
1648 4538
7819 4539
5593 4540
2771 4541
4944 4542
5954 4543
3990 4544
2663 4545
6575 4546
3210 4547
1043 4548
439 4549
6453 4550
4074 4551
252 4552
5608 4553
5048 4554
6098 4555
5610 4556
765 4557
6303 4558
1171 4559
7452 4560
1918 4561
4341 4562
7954 4563
6539 4564
5013 4565
4297 4566
6658 4567
4108 4568
5880 4569
4571 4570
1226 4571
1167 4572
7676 4573
7569 4574
4646 4575
2502 4576
6597 4577
3409 4578
466 4579
4388 4580
5780 4581
1858 4582
4292 4583
7919 4584
4949 4585
1983 4586
5269 4587
5828 4588
1440 4589
233 4590
8136 4591
7174 4592
7627 4593
1638 4594
3818 4595
3631 4596
1640 4597
3188 4598
258 4599
1022 4600
4290 4601
6546 4602
2391 4603
3168 4604
2300 4605
2217 4606
5585 4607
4415 4608
632 4609
8396 4610
6103 4611
8434 4612
996 4613
6483 4614
8448 4615
8314 4616
2136 4617
819 4618
6152 4619
2601 4620
5206 4621
850 4622
69 4623
7832 4624
147 4625
3724 4626
2703 4627
1402 4628
7198 4629
6759 4630
783 4631
7618 4632
440 4633
4156 4634
6340 4635
2040 4636
1857 4637
6037 4638
1880 4639
4955 4640
6462 4641
3869 4642
5367 4643
5651 4644
2462 4645
7948 4646
1563 4647
7511 4648
8045 4649
5602 4650
7406 4651
6628 4652
6807 4653
8476 4654
2893 4655
2447 4656
2968 4657
5131 4658
269 4659
995 4660
3430 4661
709 4662
5673 4663
127 4664
7308 4665
515 4666
1989 4667
5331 4668
6011 4669
856 4670
2757 4671
6306 4672
1221 4673
2524 4674
83 4675
4350 4676
1887 4677
1447 4678
7990 4679
2285 4680
6848 4681
3708 4682
557 4683
4628 4684
8295 4685
4304 4686
5370 4687
7870 4688
5516 4689
3799 4690
2262 4691
7851 4692
50 4693
1580 4694
4338 4695
6643 4696
7583 4697
2817 4698
2767 4699
2763 4700
1452 4701
1853 4702
7814 4703
5937 4704
798 4705
3956 4706
7842 4707
6736 4708
223 4709
3927 4710
4866 4711
7228 4712
3904 4713
4330 4714
5933 4715
4173 4716
6630 4717
4189 4718
8567 4719
6072 4720
6287 4721
3562 4722
5343 4723
7568 4724
2896 4725
5464 4726
6978 4727
1165 4728
4776 4729
3769 4730
5816 4731
4995 4732
3315 4733
4419 4734
3619 4735
3023 4736
607 4737
4275 4738
3276 4739
7520 4740
2236 4741
6888 4742
1211 4743
7609 4744
8393 4745
5744 4746
1238 4747
6448 4748
702 4749
3809 4750
7748 4751
6056 4752
1073 4753
4540 4754
3280 4755
3385 4756
6044 4757
3456 4758
8308 4759
7276 4760
1410 4761
6565 4762
6647 4763
8313 4764
1232 4765
3465 4766
1460 4767
8514 4768
6933 4769
4441 4770
5543 4771
5530 4772
1183 4773
6611 4774
483 4775
948 4776
7755 4777
2203 4778
6434 4779
4912 4780
3009 4781
2245 4782
3036 4783
6767 4784
2082 4785
8091 4786
3675 4787
2535 4788
2268 4789
6059 4790
322 4791
6095 4792
7513 4793
5474 4794
7489 4795
1895 4796
4689 4797
1586 4798
149 4799
3356 4800
5802 4801
3065 4802
852 4803
641 4804
8453 4805
934 4806
6547 4807
7128 4808
6666 4809
1551 4810
3666 4811
1990 4812
1606 4813
4095 4814
3963 4815
425 4816
8193 4817
7251 4818
7464 4819
1411 4820
2421 4821
3681 4822
902 4823
550 4824
608 4825
957 4826
7397 4827
5967 4828
7829 4829
1765 4830
6653 4831
8518 4832
7680 4833
7622 4834
7270 4835
2706 4836
5098 4837
7447 4838
639 4839
8408 4840
1051 4841
4037 4842
8300 4843
142 4844
2144 4845
7715 4846
575 4847
246 4848
4789 4849
7994 4850
6204 4851
2727 4852
6862 4853
8467 4854
28 4855
137 4856
8307 4857
7334 4858
8248 4859
2923 4860
6680 4861
3999 4862
3060 4863
162 4864
3057 4865
6564 4866
7587 4867
8074 4868
7324 4869
4988 4870
988 4871
5911 4872
2590 4873
334 4874
4432 4875
273 4876
907 4877
3199 4878
4573 4879
4196 4880
6828 4881
3692 4882
1628 4883
6158 4884
2724 4885
8328 4886
5764 4887
4360 4888
4659 4889
8288 4890
2755 4891
7328 4892
7560 4893
5273 4894
1438 4895
6722 4896
1893 4897
6544 4898
6587 4899
104 4900
2728 4901
8422 4902
4140 4903
5058 4904
2498 4905
4283 4906
6404 4907
467 4908
6757 4909
8493 4910
6248 4911
2775 4912
4354 4913
42 4914
4239 4915
6365 4916
7772 4917
8097 4918
1987 4919
825 4920
7177 4921
4839 4922
5325 4923
3561 4924
1535 4925
4181 4926
6502 4927
2980 4928
3312 4929
6371 4930
706 4931
4060 4932
1173 4933
3137 4934
4028 4935
120 4936
4577 4937
7929 4938
862 4939
260 4940
2223 4941
3512 4942
7204 4943
2973 4944
4536 4945
1873 4946
2150 4947
1220 4948
7740 4949
872 4950
164 4951
8182 4952
7462 4953
6342 4954
6579 4955
5280 4956
1959 4957
4984 4958
1967 4959
1469 4960
7912 4961
4950 4962
2258 4963
5147 4964
1751 4965
8086 4966
2273 4967
1249 4968
5358 4969
2151 4970
928 4971
3206 4972
7033 4973
4182 4974
1222 4975
2097 4976
2432 4977
5997 4978
1235 4979
7385 4980
5476 4981
8525 4982
732 4983
4348 4984
1441 4985
7805 4986
4652 4987
1526 4988
5853 4989
6317 4990
7673 4991
268 4992
691 4993
6981 4994
579 4995
3435 4996
6771 4997
7937 4998
3905 4999
441 5000
8170 5001
5459 5002
7592 5003
5776 5004
6823 5005
7444 5006
3781 5007
4506 5008
3890 5009
455 5010
818 5011
2473 5012
4383 5013
713 5014
5799 5015
858 5016
345 5017
3974 5018
7607 5019
3601 5020
596 5021
2719 5022
518 5023
7097 5024
7779 5025
2167 5026
6147 5027
6473 5028
6598 5029
4551 5030
4240 5031
5734 5032
2818 5033
4031 5034
824 5035
39 5036
2443 5037
4673 5038
3496 5039
4546 5040
5605 5041
2717 5042
5915 5043
8100 5044
3170 5045
3715 5046
7027 5047
6263 5048
2208 5049
6636 5050
5807 5051
5125 5052
5478 5053
1486 5054
3571 5055
6330 5056
1637 5057
5065 5058
5690 5059
5246 5060
6377 5061
4067 5062
6375 5063
1707 5064
362 5065
1726 5066
7678 5067
7166 5068
4582 5069
4163 5070
487 5071
8211 5072
5163 5073
548 5074
6586 5075
6870 5076
696 5077
3383 5078
4075 5079
8349 5080
7850 5081
4713 5082
3211 5083
4563 5084
3008 5085
2652 5086
7254 5087
1155 5088
3912 5089
5258 5090
1190 5091
3369 5092
4243 5093
846 5094
2630 5095
2255 5096
1193 5097
8260 5098
2611 5099
1742 5100
2080 5101
7180 5102
1061 5103
5336 5104
8015 5105
3062 5106
8279 5107
5950 5108
6616 5109
8116 5110
8464 5111
2163 5112
7245 5113
3326 5114
6428 5115
4201 5116
5138 5117
2520 5118
6125 5119
4500 5120
7615 5121
2345 5122
4674 5123
2637 5124
5878 5125
2996 5126
6253 5127
4444 5128
1883 5129
7178 5130
4230 5131
4355 5132
767 5133
8171 5134
4888 5135
4349 5136
2568 5137
6409 5138
6747 5139
6687 5140
3737 5141
2480 5142
6064 5143
2808 5144
3826 5145
381 5146
1156 5147
6651 5148
7394 5149
6514 5150
5845 5151
3543 5152
6994 5153
8351 5154
7831 5155
1098 5156
5349 5157
993 5158
2210 5159
5702 5160
5136 5161
7742 5162
677 5163
5515 5164
718 5165
7694 5166
326 5167
7576 5168
3587 5169
830 5170
5507 5171
4276 5172
6626 5173
4785 5174
3765 5175
7985 5176
3921 5177
7271 5178
2272 5179
6930 5180
3068 5181
8294 5182
4416 5183
7441 5184
2573 5185
7282 5186
7692 5187
3220 5188
755 5189
7505 5190
1590 5191
7266 5192
7702 5193
4662 5194
7973 5195
379 5196
3172 5197
5485 5198
5569 5199
2856 5200
6872 5201
358 5202
5292 5203
8445 5204
8265 5205
1127 5206
3151 5207
7391 5208
2739 5209
7695 5210
5810 5211
1678 5212
5961 5213
3569 5214
8162 5215
3782 5216
8218 5217
5073 5218
6604 5219
1567 5220
3042 5221
4274 5222
8024 5223
4186 5224
4195 5225
3895 5226
8183 5227
448 5228
7210 5229
952 5230
5036 5231
7008 5232
5888 5233
1450 5234
130 5235
5010 5236
5503 5237
2570 5238
1312 5239
7911 5240
2527 5241
3837 5242
777 5243
7232 5244
6948 5245
7730 5246
3050 5247
8195 5248
2193 5249
5510 5250
6436 5251
4722 5252
4149 5253
5735 5254
552 5255
5248 5256
3552 5257
8180 5258
8258 5259
5329 5260
1539 5261
7867 5262
5236 5263
679 5264
1179 5265
1976 5266
5877 5267
5276 5268
5045 5269
3796 5270
7161 5271
4410 5272
7859 5273
6215 5274
1877 5275
6894 5276
2644 5277
4647 5278
2118 5279
5133 5280
4237 5281
8121 5282
84 5283
4980 5284
3901 5285
3699 5286
6015 5287
5222 5288
2449 5289
3189 5290
2905 5291
2504 5292
1537 5293
6367 5294
5754 5295
1625 5296
5121 5297
8541 5298
4620 5299
3935 5300
700 5301
2485 5302
184 5303
894 5304
2827 5305
5240 5306
1072 5307
7305 5308
7019 5309
2061 5310
101 5311
2125 5312
6958 5313
8515 5314
5746 5315
2876 5316
5852 5317
8165 5318
6381 5319
1810 5320
7167 5321
5088 5322
6162 5323
3028 5324
6237 5325
6252 5326
2545 5327
1474 5328
1258 5329
3582 5330
2603 5331
3857 5332
6503 5333
189 5334
363 5335
7337 5336
5866 5337
384 5338
217 5339
3840 5340
2966 5341
4631 5342
6945 5343
463 5344
3625 5345
8118 5346
8261 5347
4672 5348
5615 5349
1364 5350
8492 5351
288 5352
6176 5353
1301 5354
8259 5355
4595 5356
2796 5357
275 5358
3195 5359
8244 5360
545 5361
815 5362
7808 5363
778 5364
4497 5365
3856 5366
1841 5367
3105 5368
5451 5369
3842 5370
1240 5371
4520 5372
6040 5373
190 5374
2643 5375
6967 5376
469 5377
4971 5378
6972 5379
4487 5380
6099 5381
4061 5382
3437 5383
6542 5384
2465 5385
102 5386
4378 5387
2436 5388
1419 5389
5063 5390
3122 5391
2157 5392
5897 5393
5259 5394
3063 5395
3346 5396
3231 5397
1516 5398
2620 5399
1013 5400
6422 5401
5932 5402
4414 5403
7138 5404
4886 5405
1994 5406
3429 5407
2056 5408
3094 5409
7913 5410
179 5411
4445 5412
8417 5413
3706 5414
1050 5415
1275 5416
7733 5417
4021 5418
542 5419
3148 5420
3371 5421
8079 5422
3938 5423
3421 5424
7834 5425
941 5426
7279 5427
3672 5428
2829 5429
4663 5430
8191 5431
5104 5432
8014 5433
4899 5434
7249 5435
1457 5436
282 5437
2152 5438
3579 5439
5256 5440
3443 5441
6143 5442
3310 5443
8264 5444
6325 5445
4224 5446
3760 5447
6209 5448
3066 5449
3227 5450
1290 5451
2093 5452
52 5453
2815 5454
4097 5455
3645 5456
1315 5457
1390 5458
8297 5459
658 5460
1378 5461
3439 5462
6137 5463
14 5464
7816 5465
1125 5466
4364 5467
5025 5468
3952 5469
865 5470
5152 5471
7610 5472
3908 5473
2140 5474
4223 5475
2254 5476
8110 5477
8573 5478
6727 5479
6997 5480
7958 5481
7556 5482
1027 5483
6442 5484
310 5485
1395 5486
2207 5487
1466 5488
2510 5489
3121 5490
3811 5491
2169 5492
992 5493
8495 5494
3774 5495
3317 5496
2772 5497
3834 5498
5308 5499
4027 5500
7143 5501
682 5502
5666 5503
1781 5504
6684 5505
6460 5506
7866 5507
6760 5508
5170 5509
1394 5510
2607 5511
2147 5512
5687 5513
6464 5514
6878 5515
7687 5516
2738 5517
4129 5518
3844 5519
1955 5520
6869 5521
1862 5522
4188 5523
4978 5524
5855 5525
8566 5526
1062 5527
536 5528
3525 5529
673 5530
7577 5531
6100 5532
5529 5533
960 5534
2199 5535
8399 5536
5876 5537
5016 5538
4538 5539
4565 5540
3788 5541
6708 5542
5509 5543
4833 5544
848 5545
4796 5546
7318 5547
7256 5548
7625 5549
7857 5550
4627 5551
1306 5552
5789 5553
4517 5554
2823 5555
2826 5556
6429 5557
5940 5558
324 5559
3641 5560
6066 5561
1119 5562
5270 5563
7761 5564
2526 5565
8051 5566
3966 5567
8081 5568
4499 5569
6887 5570
3865 5571
3112 5572
4587 5573
6983 5574
5906 5575
7796 5576
2619 5577
8552 5578
8324 5579
7604 5580
6179 5581
5407 5582
582 5583
835 5584
6976 5585
2141 5586
899 5587
5895 5588
589 5589
3418 5590
5980 5591
8522 5592
6711 5593
303 5594
7616 5595
5998 5596
4309 5597
479 5598
2461 5599
7061 5600
5194 5601
415 5602
1984 5603
6882 5604
8108 5605
382 5606
7348 5607
5415 5608
7103 5609
7573 5610
2252 5611
7067 5612
1038 5613
7473 5614
8406 5615
3887 5616
4352 5617
5307 5618
1037 5619
2550 5620
1583 5621
5314 5622
7921 5623
1313 5624
2183 5625
3157 5626
2036 5627
5289 5628
1336 5629
4151 5630
4742 5631
7471 5632
5455 5633
6257 5634
6844 5635
7218 5636
1242 5637
111 5638
789 5639
1874 5640
8172 5641
3748 5642
5434 5643
1671 5644
6216 5645
3623 5646
1860 5647
4437 5648
4682 5649
1705 5650
7983 5651
4681 5652
7608 5653
4728 5654
2697 5655
2212 5656
8278 5657
8345 5658
6105 5659
2942 5660
8205 5661
1741 5662
6903 5663
353 5664
7338 5665
5659 5666
1141 5667
1391 5668
3368 5669
7148 5670
4422 5671
6602 5672
7943 5673
1028 5674
1827 5675
2379 5676
5060 5677
2720 5678
7078 5679
5825 5680
6441 5681
3949 5682
2450 5683
3968 5684
6728 5685
2124 5686
5804 5687
1057 5688
413 5689
7697 5690
3234 5691
2112 5692
4562 5693
1018 5694
6104 5695
4701 5696
261 5697
7957 5698
4041 5699
3847 5700
3475 5701
4249 5702
7437 5703
32 5704
4402 5705
3894 5706
8412 5707
4171 5708
2335 5709
5322 5710
4017 5711
4165 5712
5629 5713
1423 5714
5909 5715
3001 5716
1309 5717
1616 5718
8044 5719
8512 5720
0 5721
99 5722
3677 5723
3492 5724
4137 5725
5341 5726
7789 5727
5806 5728
3384 5729
3477 5730
5942 5731
3585 5732
2328 5733
397 5734
3225 5735
5787 5736
1082 5737
5078 5738
1388 5739
7630 5740
2180 5741
4089 5742
4559 5743
1770 5744
6057 5745
772 5746
7244 5747
7752 5748
7052 5749
2378 5750
7926 5751
7570 5752
8102 5753
6081 5754
6312 5755
1842 5756
2785 5757
76 5758
2164 5759
8437 5760
118 5761
1602 5762
57 5763
4537 5764
1627 5765
8274 5766
4337 5767
7666 5768
5454 5769
2392 5770
7215 5771
5427 5772
4836 5773
2304 5774
2052 5775
6992 5776
8035 5777
6561 5778
2811 5779
8320 5780
5658 5781
3874 5782
6415 5783
3906 5784
7211 5785
3070 5786
2411 5787
3858 5788
7522 5789
6208 5790
5012 5791
7419 5792
1056 5793
7022 5794
6313 5795
984 5796
3957 5797
6341 5798
2864 5799
7862 5800
4411 5801
4986 5802
6618 5803
5811 5804
5275 5805
1578 5806
578 5807
877 5808
4141 5809
8025 5810
1362 5811
3 5812
3750 5813
392 5814
2058 5815
7669 5816
671 5817
3086 5818
5949 5819
2065 5820
7661 5821
1621 5822
1717 5823
7845 5824
3294 5825
4397 5826
2373 5827
2374 5828
5652 5829
3084 5830
1079 5831
2903 5832
7649 5833
4225 5834
1131 5835
8231 5836
6831 5837
2844 5838
2963 5839
3838 5840
2569 5841
4773 5842
8037 5843
5022 5844
551 5845
5609 5846
6386 5847
5461 5848
6249 5849
2787 5850
1019 5851
6837 5852
96 5853
683 5854
3108 5855
2660 5856
416 5857
6944 5858
6751 5859
3030 5860
5337 5861
5020 5862
6615 5863
3221 5864
412 5865
6778 5866
1941 5867
8287 5868
6846 5869
4071 5870
2977 5871
4160 5872
501 5873
4891 5874
2608 5875
7967 5876
8452 5877
7430 5878
1319 5879
8008 5880
5841 5881
6175 5882
5260 5883
1582 5884
7674 5885
1187 5886
1286 5887
7203 5888
5508 5889
751 5890
1905 5891
918 5892
7344 5893
1493 5894
5894 5895
4501 5896
3632 5897
5521 5898
3969 5899
6268 5900
4635 5901
1471 5902
5466 5903
6906 5904
5695 5905
2153 5906
8065 5907
6621 5908
2659 5909
5881 5910
1643 5911
3440 5912
7073 5913
7603 5914
5411 5915
8569 5916
3254 5917
8416 5918
6963 5919
6054 5920
3616 5921
5293 5922
2338 5923
7856 5924
1848 5925
3025 5926
2791 5927
3713 5928
1422 5929
7050 5930
4586 5931
4280 5932
2410 5933
1928 5934
7991 5935
2291 5936
563 5937
788 5938
145 5939
562 5940
4929 5941
8197 5942
6562 5943
2342 5944
5208 5945
6905 5946
1837 5947
5982 5948
4477 5949
8173 5950
5907 5951
6995 5952
4966 5953
7127 5954
1396 5955
7301 5956
817 5957
5981 5958
2528 5959
3424 5960
5890 5961
5993 5962
8444 5963
8352 5964
5190 5965
4010 5966
6814 5967
6435 5968
7425 5969
2877 5970
735 5971
864 5972
1942 5973
4919 5974
5859 5975
3793 5976
5089 5977
1289 5978
5333 5979
3314 5980
903 5981
199 5982
7900 5983
6299 5984
4491 5985
5187 5986
6134 5987
3929 5988
5056 5989
1759 5990
2170 5991
8361 5992
6541 5993
8421 5994
1178 5995
6418 5996
2388 5997
3089 5998
8337 5999
3400 6000
3391 6001
5722 6002
6556 6003
3791 6004
4579 6005
165 6006
3004 6007
7356 6008
2898 6009
6197 6010
5067 6011
5790 6012
7848 6013
688 6014
4472 6015
4900 6016
5991 6017
7030 6018
5848 6019
6820 6020
2451 6021
3660 6022
166 6023
2010 6024
7593 6025
2888 6026
7130 6027
8506 6028
5158 6029
1577 6030
7836 6031
7272 6032
4254 6033
651 6034
4601 6035
5922 6036
659 6037
4253 6038
3358 6039
5389 6040
6370 6041
4012 6042
4072 6043
2793 6044
6437 6045
5039 6046
5736 6047
3204 6048
4407 6049
4913 6050
1618 6051
5819 6052
7269 6053
8160 6054
1589 6055
1105 6056
8317 6057
5083 6058
3171 6059
4102 6060
2726 6061
6433 6062
3491 6063
1218 6064
5518 6065
3258 6066
785 6067
7001 6068
4983 6069
7682 6070
3914 6071
88 6072
2599 6073
8427 6074
7963 6075
5144 6076
1630 6077
8143 6078
2974 6079
1950 6080
2148 6081
873 6082
1314 6083
4680 6084
762 6085
3286 6086
1467 6087
3669 6088
3196 6089
6488 6090
6520 6091
1263 6092
2343 6093
1031 6094
5093 6095
1778 6096
6463 6097
7424 6098
2320 6099
6863 6100
8432 6101
3277 6102
3000 6103
4464 6104
4733 6105
8306 6106
3136 6107
2182 6108
2295 6109
2746 6110
5202 6111
760 6112
6676 6113
1782 6114
2735 6115
3732 6116
3653 6117
6808 6118
1001 6119
7457 6120
944 6121
8054 6122
5864 6123
2533 6124
2078 6125
5883 6126
1465 6127
1612 6128
5410 6129
2003 6130
8115 6131
1787 6132
5001 6133
3432 6134
7155 6135
1107 6136
6979 6137
585 6138
2131 6139
4345 6140
6537 6141
8147 6142
1639 6143
2188 6144
1091 6145
3746 6146
6935 6147
801 6148
1624 6149
168 6150
2470 6151
537 6152
4735 6153
621 6154
321 6155
6256 6156
6866 6157
3593 6158
4745 6159
3962 6160
5032 6161
2352 6162
6779 6163
1271 6164
159 6165
6480 6166
4400 6167
240 6168
2484 6169
6470 6170
6908 6171
5366 6172
7503 6173
656 6174
7594 6175
2673 6176
7725 6177
4034 6178
7000 6179
743 6180
5973 6181
5299 6182
4856 6183
245 6184
7537 6185
2197 6186
669 6187
6495 6188
7060 6189
6593 6190
1970 6191
1701 6192
4391 6193
92 6194
2525 6195
2889 6196
4552 6197
6279 6198
597 6199
3434 6200
6031 6201
3920 6202
540 6203
2602 6204
1546 6205
7319 6206
4299 6207
5952 6208
8113 6209
106 6210
926 6211
1234 6212
653 6213
2247 6214
2713 6215
4268 6216
8556 6217
5921 6218
1256 6219
8410 6220
7243 6221
2397 6222
196 6223
4777 6224
6605 6225
6368 6226
6580 6227
4294 6228
2306 6229
4471 6230
591 6231
35 6232
3556 6233
723 6234
1702 6235
6157 6236
502 6237
890 6238
1451 6239
4460 6240
1735 6241
6212 6242
8020 6243
5783 6244
1939 6245
3945 6246
4215 6247
4248 6248
7935 6249
3821 6250
8528 6251
663 6252
7600 6253
1610 6254
5394 6255
6531 6256
6023 6257
360 6258
203 6259
2869 6260
5399 6261
4318 6262
3019 6263
1850 6264
357 6265
8430 6266
4547 6267
4802 6268
3577 6269
8390 6270
940 6271
5583 6272
7374 6273
5453 6274
2901 6275
2466 6276
6352 6277
422 6278
7997 6279
7199 6280
6240 6281
8425 6282
6523 6283
3407 6284
154 6285
89 6286
5987 6287
6511 6288
5027 6289
5376 6290
7800 6291
5449 6292
7368 6293
3817 6294
6016 6295
5624 6296
6498 6297
3689 6298
3506 6299
5757 6300
5230 6301
4621 6302
3815 6303
3252 6304
2542 6305
8200 6306
7141 6307
1996 6308
3453 6309
1762 6310
6493 6311
7944 6312
8263 6313
3539 6314
2795 6315
5116 6316
8090 6317
2529 6318
966 6319
6885 6320
7497 6321
6530 6322
6934 6323
5614 6324
3505 6325
6601 6326
6693 6327
8254 6328
1597 6329
3032 6330
7880 6331
5469 6332
3153 6333
1374 6334
982 6335
5984 6336
5353 6337
3825 6338
871 6339
5272 6340
4975 6341
8535 6342
3166 6343
7101 6344
2803 6345
5424 6346
7362 6347
4030 6348
7917 6349
6874 6350
1733 6351
4918 6352
485 6353
38 6354
7849 6355
5567 6356
5805 6357
6522 6358
6193 6359
4431 6360
5489 6361
4970 6362
5011 6363
5616 6364
4608 6365
8454 6366
5976 6367
3768 6368
172 6369
5396 6370
8329 6371
8547 6372
5706 6373
1066 6374
6282 6375
170 6376
5218 6377
8003 6378
7429 6379
3152 6380
1502 6381
3417 6382
18 6383
8484 6384
7928 6385
1926 6386
7448 6387
7895 6388
1308 6389
4893 6390
7376 6391
8120 6392
5055 6393
5621 6394
5867 6395
3747 6396
4440 6397
3216 6398
4336 6399
4767 6400
6909 6401
4591 6402
2402 6403
7032 6404
2776 6405
5955 6406
5149 6407
1470 6408
8365 6409
7092 6410
1525 6411
6421 6412
6637 6413
2648 6414
7840 6415
7034 6416
1454 6417
3298 6418
3006 6419
7588 6420
7889 6421
7898 6422
6584 6423
7528 6424
6327 6425
1752 6426
2016 6427
4813 6428
4453 6429
3621 6430
1327 6431
2609 6432
3401 6433
2624 6434
7645 6435
5836 6436
7896 6437
343 6438
5123 6439
652 6440
2990 6441
8455 6442
6178 6443
3879 6444
7945 6445
5846 6446
4286 6447
900 6448
4068 6449
8122 6450
826 6451
3495 6452
2592 6453
1776 6454
3899 6455
3604 6456
6305 6457
5262 6458
2387 6459
185 6460
4218 6461
2312 6462
857 6463
3244 6464
5847 6465
3849 6466
8217 6467
97 6468
5860 6469
1852 6470
5692 6471
6233 6472
1011 6473
4550 6474
807 6475
7966 6476
6721 6477
6893 6478
2361 6479
1096 6480
7833 6481
7099 6482
6411 6483
5348 6484
6449 6485
549 6486
5831 6487
7109 6488
937 6489
5129 6490
507 6491
5227 6492
5703 6493
2939 6494
1838 6495
1839 6496
5564 6497
5387 6498
1497 6499
1200 6500
3959 6501
4704 6502
6477 6503
5849 6504
3900 6505
7706 6506
2517 6507
6184 6508
8362 6509
2715 6510
2820 6511
4775 6512
4924 6513
3500 6514
4694 6515
1473 6516
2997 6517
406 6518
1297 6519
5654 6520
5167 6521
746 6522
7553 6523
4605 6524
4880 6525
6206 6526
6783 6527
1957 6528
22 6529
5636 6530
6791 6531
289 6532
1229 6533
2786 6534
2063 6535
5210 6536
2807 6537
6243 6538
2515 6539
8327 6540
6042 6541
1641 6542
4761 6543
5631 6544
1821 6545
7532 6546
347 6547
105 6548
7552 6549
3597 6550
5863 6551
4603 6552
2584 6553
6881 6554
4311 6555
5524 6556
5483 6557
7439 6558
4626 6559
1092 6560
4947 6561
3107 6562
475 6563
8092 6564
5534 6565
1282 6566
7700 6567
5204 6568
4907 6569
6180 6570
7581 6571
4468 6572
5545 6573
1611 6574
3802 6575
7381 6576
3083 6577
6669 6578
6396 6579
3759 6580
6239 6581
6739 6582
493 6583
6127 6584
2534 6585
7402 6586
6635 6587
8473 6588
4960 6589
3736 6590
7153 6591
236 6592
5061 6593
3474 6594
4644 6595
7861 6596
3480 6597
7146 6598
8310 6599
225 6600
799 6601
6517 6602
5733 6603
2166 6604
7821 6605
2120 6606
1219 6607
3551 6608
2469 6609
8012 6610
4791 6611
5797 6612
7964 6613
5858 6614
512 6615
6151 6616
994 6617
3281 6618
3049 6619
2851 6620
4301 6621
4184 6622
3730 6623
2171 6624
8377 6625
5215 6626
3574 6627
7978 6628
2243 6629
4721 6630
6813 6631
6726 6632
464 6633
2160 6634
3703 6635
4117 6636
5577 6637
2516 6638
2135 6639
1009 6640
4127 6641
3250 6642
1181 6643
3504 6644
5708 6645
1116 6646
3226 6647
6187 6648
2508 6649
3208 6650
5231 6651
3345 6652
4104 6653
7542 6654
6005 6655
1123 6656
3452 6657
3810 6658
6149 6659
6699 6660
1829 6661
3868 6662
2909 6663
5570 6664
3292 6665
3043 6666
6314 6667
7940 6668
7037 6669
2394 6670
5409 6671
1511 6672
4908 6673
4206 6674
6164 6675
3537 6676
1800 6677
2237 6678
1758 6679
1619 6680
2429 6681
3924 6682
409 6683
4885 6684
1476 6685
2684 6686
2965 6687
4564 6688
3321 6689
3047 6690
5975 6691
4498 6692
65 6693
3923 6694
3102 6695
4020 6696
4279 6697
2892 6698
2760 6699
244 6700
3464 6701
7780 6702
6235 6703
2107 6704
4080 6705
332 6706
4306 6707
110 6708
1305 6709
7675 6710
8236 6711
7450 6712
5680 6713
4758 6714
2419 6715
5992 6716
367 6717
2158 6718
2940 6719
2270 6720
627 6721
4191 6722
6270 6723
7486 6724
2278 6725
5568 6726
4766 6727
847 6728
1659 6729
3608 6730
1429 6731
3740 6732
2710 6733
6803 6734
1055 6735
5755 6736
4531 6737
601 6738
499 6739
4763 6740
1494 6741
171 6742
1366 6743
1956 6744
1380 6745
3798 6746
1382 6747
8199 6748
1519 6749
7534 6750
6942 6751
4902 6752
3045 6753
8403 6754
6927 6755
898 6756
6679 6757
619 6758
4572 6759
2658 6760
1556 6761
5426 6762
7081 6763
4541 6764
356 6765
6733 6766
6832 6767
909 6768
1591 6769
2249 6770
224 6771
4519 6772
8333 6773
6913 6774
2598 6775
2725 6776
2976 6777
5291 6778
4132 6779
3784 6780
5792 6781
5086 6782
7574 6783
5150 6784
2310 6785
4063 6786
6186 6787
1304 6788
2633 6789
2213 6790
6487 6791
594 6792
8154 6793
3161 6794
8198 6795
5978 6796
5491 6797
1811 6798
7493 6799
5985 6800
3173 6801
4934 6802
5498 6803
1732 6804
3659 6805
3718 6806
2020 6807
3229 6808
3302 6809
408 6810
6383 6811
6293 6812
7005 6813
6393 6814
3158 6815
7768 6816
136 6817
1100 6818
2384 6819
2656 6820
7498 6821
5875 6822
5442 6823
2323 6824
5594 6825
812 6826
4804 6827
8277 6828
5956 6829
8504 6830
3444 6831
4369 6832
6816 6833
5901 6834
1945 6835
6592 6836
7759 6837
1675 6838
5740 6839
2155 6840
7690 6841
739 6842
7864 6843
3763 6844
1545 6845
3124 6846
6980 6847
4915 6848
3232 6849
5939 6850
6673 6851
3758 6852
1216 6853
4190 6854
3132 6855
2230 6856
1087 6857
5869 6858
7484 6859
6369 6860
6163 6861
8548 6862
4974 6863
1921 6864
7647 6865
4210 6866
2251 6867
2503 6868
4528 6869
2027 6870
931 6871
4247 6872
438 6873
5137 6874
5767 6875
1021 6876
564 6877
1324 6878
7811 6879
2064 6880
2322 6881
3787 6882
1202 6883
3729 6884
1170 6885
3624 6886
3476 6887
2645 6888
4903 6889
1592 6890
3951 6891
2024 6892
8190 6893
1351 6894
6094 6895
990 6896
4228 6897
3395 6898
2734 6899
2380 6900
3073 6901
4779 6902
6032 6903
2403 6904
6655 6905
5139 6906
7580 6907
6055 6908
4948 6909
6932 6910
3097 6911
959 6912
2211 6913
3233 6914
8133 6915
5042 6916
5381 6917
7068 6918
4677 6919
5596 6920
8290 6921
7720 6922
7357 6923
3910 6924
3098 6925
6681 6926
2326 6927
741 6928
3937 6929
6553 6930
8007 6931
7683 6932
1750 6933
6283 6934
4256 6935
3971 6936
932 6937
6140 6938
1720 6939
1160 6940
389 6941
194 6942
711 6943
335 6944
1771 6945
10 6946
7881 6947
5140 6948
7187 6949
6943 6950
7315 6951
2957 6952
7079 6953
4535 6954
4478 6955
2181 6956
3588 6957
8077 6958
5850 6959
7466 6960
7323 6961
7543 6962
2810 6963
5033 6964
2632 6965
3754 6966
1571 6967
5579 6968
12 6969
1536 6970
7536 6971
4277 6972
1527 6973
1898 6974
3662 6975
4105 6976
3364 6977
2860 6978
6826 6979
3594 6980
4043 6981
2149 6982
8080 6983
7327 6984
4295 6985
3397 6986
2 6987
4708 6988
2514 6989
5049 6990
4845 6991
724 6992
5899 6993
6058 6994
7774 6995
8519 6996
2693 6997
2593 6998
7559 6999
593 7000
3953 7001
5784 7002
8415 7003
6914 7004
2506 7005
8466 7006
7487 7007
2701 7008
7893 7009
349 7010
2239 7011
301 7012
1210 7013
2409 7014
7375 7015
1254 7016
1432 7017
2478 7018
8550 7019
701 7020
3516 7021
1963 7022
5732 7023
3881 7024
2586 7025
5074 7026
4327 7027
6329 7028
1906 7029
1859 7030
5162 7031
4809 7032
1227 7033
2784 7034
3040 7035
2742 7036
5327 7037
808 7038
8299 7039
4078 7040
4823 7041
3484 7042
7939 7043
5826 7044
1089 7045
6970 7046
2314 7047
1054 7048
2275 7049
4633 7050
3993 7051
8141 7052
6133 7053
8223 7054
5419 7055
3240 7056
3262 7057
6990 7058
6300 7059
2224 7060
956 7061
2626 7062
472 7063
6854 7064
5306 7065
7918 7066
2389 7067
7291 7068
2416 7069
3146 7070
5317 7071
4187 7072
2522 7073
2949 7074
5274 7075
3260 7076
7961 7077
8169 7078
3455 7079
1267 7080
1595 7081
3664 7082
3485 7083
8446 7084
3344 7085
4630 7086
2681 7087
5559 7088
470 7089
3165 7090
1158 7091
3696 7092
769 7093
7575 7094
1549 7095
3565 7096
5110 7097
1818 7098
7224 7099
8124 7100
7890 7101
5244 7102
7207 7103
8209 7104
8367 7105
588 7106
7620 7107
66 7108
1755 7109
8187 7110
3117 7111
8459 7112
7277 7113
6231 7114
6698 7115
525 7116
8478 7117
2030 7118
3889 7119
5522 7120
7734 7121
6973 7122
5868 7123
6749 7124
2536 7125
3459 7126
6821 7127
3983 7128
419 7129
2849 7130
6357 7131
3688 7132
859 7133
2196 7134
6088 7135
7766 7136
4786 7137
8574 7138
7681 7139
6297 7140
6419 7141
8571 7142
8572 7143
2004 7144
7411 7145
468 7146
1607 7147
2638 7148
2696 7149
5590 7150
2557 7151
2185 7152
3445 7153
3744 7154
4293 7155
1291 7156
8050 7157
5970 7158
5672 7159
4810 7160
8395 7161
3527 7162
3586 7163
4303 7164
3903 7165
1039 7166
3069 7167
3426 7168
3242 7169
773 7170
6574 7171
7265 7172
8397 7173
2116 7174
5800 7175
4726 7176
8238 7177
5446 7178
3125 7179
3723 7180
3852 7181
7184 7182
3567 7183
8089 7184
6337 7185
6266 7186
3115 7187
7531 7188
4305 7189
2077 7190
6021 7191
1812 7192
2677 7193
7747 7194
5874 7195
5271 7196
4657 7197
1381 7198
4134 7199
2690 7200
1017 7201
2621 7202
4938 7203
8523 7204
7590 7205
8555 7206
3829 7207
6007 7208
4916 7209
2583 7210
1102 7211
4146 7212
5253 7213
297 7214
3797 7215
494 7216
3728 7217
5192 7218
5765 7219
7053 7220
7401 7221
2627 7222
4476 7223
7045 7224
6012 7225
7085 7226
2845 7227
6492 7228
4324 7229
6459 7230
6076 7231
4246 7232
2987 7233
4667 7234
3655 7235
4065 7236
7578 7237
5769 7238
7157 7239
2496 7240
2413 7241
6410 7242
8326 7243
4042 7244
5766 7245
7970 7246
814 7247
4059 7248
8011 7249
5330 7250
6897 7251
1084 7252
752 7253
4385 7254
1685 7255
714 7256
768 7257
7115 7258
167 7259
1953 7260
6080 7261
2094 7262
3490 7263
2054 7264
2318 7265
1803 7266
478 7267
477 7268
1223 7269
1647 7270
1964 7271
4382 7272
5925 7273
3134 7274
5842 7275
4568 7276
7657 7277
4521 7278
6551 7279
491 7280
5501 7281
1814 7282
2122 7283
8004 7284
6947 7285
8185 7286
1944 7287
3643 7288
1786 7289
7571 7290
887 7291
3911 7292
2858 7293
195 7294
434 7295
5344 7296
7930 7297
1779 7298
5824 7299
6194 7300
4310 7301
8240 7302
4133 7303
5383 7304
5285 7305
5064 7306
626 7307
5818 7308
2509 7309
6540 7310
5592 7311
3922 7312
1186 7313
2292 7314
5699 7315
2863 7316
1573 7317
1406 7318
740 7319
8157 7320
6111 7321
6858 7322
1293 7323
7781 7324
3327 7325
7434 7326
4322 7327
1398 7328
7289 7329
1379 7330
6200 7331
6469 7332
8426 7333
1594 7334
5969 7335
4325 7336
1650 7337
3932 7338
1428 7339
6762 7340
2932 7341
3154 7342
1719 7343
3129 7344
59 7345
4693 7346
2146 7347
4183 7348
2490 7349
3378 7350
1436 7351
2043 7352
5452 7353
7977 7354
4849 7355
6326 7356
4087 7357
6505 7358
7325 7359
1049 7360
1553 7361
4879 7362
8557 7363
4372 7364
3872 7365
1461 7366
6857 7367
5770 7368
7988 7369
2636 7370
2752 7371
2039 7372
4316 7373
3207 7374
2492 7375
7729 7376
2137 7377
7011 7378
4593 7379
4 7380
745 7381
405 7382
7186 7383
4099 7384
1992 7385
1169 7386
3048 7387
5120 7388
1329 7389
4700 7390
3722 7391
4954 7392
6285 7393
2309 7394
2286 7395
6068 7396
364 7397
2838 7398
1133 7399
2749 7400
1375 7401
1255 7402
6639 7403
7295 7404
2012 7405
529 7406
784 7407
1636 7408
4192 7409
1958 7410
7036 7411
5971 7412
5563 7413
1557 7414
668 7415
4111 7416
4241 7417
3801 7418
1472 7419
4753 7420
2067 7421
3059 7422
7554 7423
134 7424
8530 7425
1924 7426
4933 7427
2206 7428
4643 7429
2837 7430
3591 7431
2880 7432
2143 7433
5403 7434
6198 7435
6843 7436
5249 7437
6205 7438
5371 7439
67 7440
6625 7441
5043 7442
1253 7443
6322 7444
3697 7445
8275 7446
2195 7447
2937 7448
176 7449
3762 7450
3972 7451
4264 7452
3864 7453
4164 7454
6745 7455
210 7456
2034 7457
6706 7458
7183 7459
532 7460
7716 7461
4554 7462
5201 7463
5195 7464
6671 7465
3883 7466
3295 7467
5439 7468
1683 7469
3266 7470
7782 7471
2955 7472
7104 7473
3238 7474
4831 7475
3948 7476
6921 7477
5155 7478
276 7479
7294 7480
570 7481
3316 7482
5902 7483
78 7484
7051 7485
1687 7486
1425 7487
8511 7488
5015 7489
7818 7490
2839 7491
893 7492
7969 7493
327 7494
3147 7495
6613 7496
5665 7497
3807 7498
3249 7499
1080 7500
6670 7501
7925 7502
3077 7503
3861 7504
7882 7505
2408 7506
26 7507
1663 7508
7738 7509
6589 7510
2142 7511
1768 7512
29 7513
7956 7514
8496 7515
523 7516
4771 7517
3046 7518
6255 7519
7354 7520
1331 7521
407 7522
4806 7523
8272 7524
6364 7525
4828 7526
6755 7527
5233 7528
3546 7529
8532 7530
763 7531
2661 7532
7213 7533
5990 7534
431 7535
108 7536
138 7537
939 7538
271 7539
4346 7540
1795 7541
4576 7542
2558 7543
7743 7544
2134 7545
3331 7546
5153 7547
7436 7548
7209 7549
8380 7550
6916 7551
1633 7552
1126 7553
6729 7554
5675 7555
6160 7556
2927 7557
7398 7558
5741 7559
304 7560
7015 7561
7122 7562
6110 7563
7226 7564
8188 7565
968 7566
7658 7567
5641 7568
6053 7569
4706 7570
2156 7571
6840 7572
8334 7573
2044 7574
6959 7575
8039 7576
375 7577
6690 7578
2240 7579
1370 7580
456 7581
393 7582
6291 7583
5196 7584
5829 7585
1215 7586
8298 7587
2091 7588
7775 7589
7371 7590
1693 7591
4508 7592
8354 7593
6868 7594
519 7595
2758 7596
5321 7597
3714 7598
1344 7599
404 7600
4910 7601
8436 7602
7136 7603
2766 7604
1564 7605
79 7606
8234 7607
2962 7608
5910 7609
3338 7610
3843 7611
6951 7612
7899 7613
3255 7614
6501 7615
7518 7616
8533 7617
3017 7618
6146 7619
3783 7620
6302 7621
5953 7622
4783 7623
2026 7624
754 7625
4691 7626
5261 7627
3629 7628
1252 7629
3717 7630
7791 7631
3854 7632
1194 7633
107 7634
6423 7635
3806 7636
4774 7637
6929 7638
3973 7639
7540 7640
3907 7641
3827 7642
371 7643
976 7644
5369 7645
867 7646
6672 7647
2037 7648
5502 7649
5772 7650
2269 7651
4703 7652
7764 7653
4821 7654
6692 7655
7310 7656
2562 7657
6609 7658
7231 7659
4523 7660
5775 7661
6794 7662
6819 7663
5760 7664
3130 7665
7080 7666
457 7667
6919 7668
6458 7669
1686 7670
929 7671
5571 7672
6883 7673
912 7674
7751 7675
4252 7676
5243 7677
4457 7678
5533 7679
5458 7680
1034 7681
153 7682
5642 7683
4841 7684
7345 7685
2276 7686
3862 7687
7332 7688
2464 7689
2938 7690
3354 7691
7227 7692
5418 7693
5879 7694
2596 7695
2201 7696
1504 7697
1890 7698
1518 7699
8242 7700
6348 7701
241 7702
1176 7703
5279 7704
2098 7705
6713 7706
8502 7707
6296 7708
4386 7709
2852 7710
1303 7711
5884 7712
5412 7713
6030 7714
1122 7715
7132 7716
635 7717
7763 7718
122 7719
7992 7720
3812 7721
7550 7722
5759 7723
630 7724
6308 7725
6782 7726
1117 7727
4666 7728
8235 7729
2975 7730
7596 7731
2857 7732
6052 7733
5038 7734
8207 7735
4959 7736
1323 7737
8013 7738
1644 7739
5959 7740
7773 7741
4685 7742
8388 7743
4398 7744
6815 7745
3741 7746
2765 7747
1245 7748
6432 7749
1656 7750
8126 7751
317 7752
3709 7753
4707 7754
4485 7755
7386 7756
4261 7757
655 7758
8360 7759
5547 7760
2121 7761
4808 7762
116 7763
7086 7764
3636 7765
2806 7766
1653 7767
6478 7768
462 7769
3365 7770
5006 7771
8229 7772
2850 7773
2025 7774
4361 7775
5303 7776
391 7777
1281 7778
838 7779
5304 7780
1908 7781
7459 7782
5142 7783
1280 7784
4002 7785
2396 7786
1986 7787
2716 7788
4549 7789
985 7790
4138 7791
7185 7792
3339 7793
5326 7794
5986 7795
459 7796
6048 7797
6496 7798
2099 7799
5268 7800
1548 7801
8450 7802
8021 7803
1299 7804
7728 7805
2960 7806
4580 7807
4271 7808
567 7809
6202 7810
77 7811
8049 7812
1823 7813
7234 7814
53 7815
7054 7816
1528 7817
3779 7818
7119 7819
7788 7820
7349 7821
141 7822
3218 7823
6705 7824
7521 7825
1250 7826
6092 7827
3349 7828
4739 7829
2412 7830
3093 7831
6025 7832
3489 7833
5437 7834
5097 7835
4486 7836
8082 7837
8093 7838
7633 7839
2548 7840
7267 7841
749 7842
4824 7843
3460 7844
3053 7845
4553 7846
2794 7847
7383 7848
6211 7849
2928 7850
3739 7851
3545 7852
8196 7853
1482 7854
1995 7855
4957 7856
7062 7857
4003 7858
3139 7859
5715 7860
4287 7861
5127 7862
2332 7863
1099 7864
5994 7865
983 7866
6250 7867
5920 7868
6482 7869
2228 7870
5778 7871
218 7872
1257 7873
6774 7874
2280 7875
1529 7876
169 7877
8 7878
307 7879
6416 7880
7241 7881
4607 7882
5613 7883
2761 7884
1071 7885
3092 7886
7777 7887
6753 7888
4374 7889
7359 7890
2798 7891
3605 7892
624 7893
5126 7894
2368 7895
595 7896
7826 7897
3348 7898
7380 7899
2792 7900
5340 7901
1832 7902
4816 7903
94 7904
5323 7905
7435 7906
1922 7907
5235 7908
3111 7909
8179 7910
3021 7911
3822 7912
5798 7913
738 7914
717 7915
4518 7916
7225 7917
6013 7918
8517 7919
7020 7920
486 7921
73 7922
616 7923
4561 7924
6321 7925
2631 7926
884 7927
592 7928
4539 7929
8048 7930
8501 7931
797 7932
380 7933
2804 7934
7108 7935
1483 7936
3149 7937
3230 7938
786 7939
5945 7940
2172 7941
2238 7942
2327 7943
46 7944
3520 7945
1365 7946
5100 7947
398 7948
5713 7949
205 7950
6484 7951
1903 7952
8489 7953
7026 7954
503 7955
2284 7956
2050 7957
476 7958
7096 7959
6292 7960
4418 7961
4365 7962
7373 7963
7712 7964
3478 7965
1114 7966
6113 7967
2854 7968
3819 7969
5480 7970
1335 7971
6809 7972
7363 7973
4956 7974
2554 7975
8245 7976
780 7977
2695 7978
1140 7979
7252 7980
4426 7981
160 7982
5207 7983
8577 7984
4000 7985
4590 7986
6901 7987
1816 7988
316 7989
319 7990
7055 7991
2591 7992
1911 7993
2910 7994
5550 7995
4167 7996
1980 7997
4384 7998
3498 7999
2825 8000
1077 8001
7874 8002
2005 8003
5633 8004
4250 8005
7443 8006
2649 8007
5774 8008
1847 8009
5717 8010
914 8011
4996 8012
2862 8013
7287 8014
5742 8015
8281 8016
5646 8017
3448 8018
7017 8019
7891 8020
6682 8021
7142 8022
7075 8023
4687 8024
436 8025
1642 8026
5512 8027
2488 8028
2878 8029
293 8030
296 8031
2000 8032
8038 8033
8433 8034
5339 8035
4710 8036
647 8037
5363 8038
5918 8039
2325 8040
8350 8041
5801 8042
1601 8043
4157 8044
7286 8045
7942 8046
5854 8047
4258 8048
6083 8049
6017 8050
5252 8051
5282 8052
7472 8053
3919 8054
6649 8055
7355 8056
2420 8057
4269 8058
2900 8059
2553 8060
3333 8061
6518 8062
2873 8063
3925 8064
3933 8065
8130 8066
6486 8067
3096 8068
2799 8069
7298 8070
433 8071
3415 8072
5245 8073
6896 8074
986 8075
7875 8076
2060 8077
7413 8078
1360 8079
5462 8080
7815 8081
480 8082
11 8083
3694 8084
7637 8085
4972 8086
5851 8087
2055 8088
3467 8089
143 8090
2943 8091
831 8092
1310 8093
7641 8094
705 8095
4106 8096
6311 8097
2018 8098
4945 8099
2244 8100
3072 8101
8059 8102
5727 8103
2945 8104
16 8105
6338 8106
7378 8107
1909 8108
1698 8109
7691 8110
2629 8111
7013 8112
495 8113
7794 8114
4852 8115
4718 8116
7538 8117
1421 8118
1134 8119
5934 8120
1892 8121
5217 8122
5581 8123
1059 8124
5345 8125
2686 8126
6737 8127
5607 8128
896 8129
3372 8130
333 8131
876 8132
3375 8133
5157 8134
576 8135
6227 8136
7510 8137
2344 8138
6071 8139
2872 8140
4229 8141
5223 8142
1409 8143
365 8144
2707 8145
6629 8146
3813 8147
2385 8148
5054 8149
8379 8150
6710 8151
3691 8152
646 8153
5929 8154
6041 8155
3420 8156
6754 8157
5637 8158
4200 8159
4898 8160
1902 8161
8470 8162
5771 8163
2667 8164
6590 8165
6703 8166
8301 8167
6950 8168
1083 8169
1352 8170
2031 8171
248 8172
4296 8173
7653 8174
5974 8175
3896 8176
8372 8177
517 8178
6931 8179
4738 8180
5018 8181
5796 8182
6850 8183
4527 8184
7423 8185
6439 8186
8480 8187
6267 8188
4638 8189
6591 8190
4543 8191
7732 8192
8106 8193
6123 8194
1864 8195
1480 8196
849 8197
3690 8198
7273 8199
388 8200
8481 8201
3547 8202
4046 8203
971 8204
7602 8205
2222 8206
4754 8207
2346 8208
2565 8209
6644 8210
1 8211
8494 8212
727 8213
1695 8214
5300 8215
1404 8216
5365 8217
761 8218
8386 8219
922 8220
6961 8221
85 8222
795 8223
5148 8224
6232 8225
3075 8226
8159 8227
8382 8228
3934 8229
6408 8230
5175 8231
126 8232
4567 8233
4862 8234
4558 8235
2989 8236
7071 8237
2612 8238
325 8239
3648 8240
3885 8241
4731 8242
7614 8243
4557 8244
3851 8245
3243 8246
6355 8247
636 8248
3473 8249
1885 8250
3820 8251
6900 8252
3313 8253
7025 8254
1507 8255
3301 8256
4822 8257
820 8258
1233 8259
7606 8260
1433 8261
4953 8262
2448 8263
3823 8264
7704 8265
4795 8266
4044 8267
7278 8268
8374 8269
7426 8270
8465 8271
8098 8272
2634 8273
8373 8274
3686 8275
6259 8276
4998 8277
7711 8278
7998 8279
4004 8280
6656 8281
400 8282
2881 8283
7370 8284
1026 8285
4054 8286
4811 8287
4116 8288
6359 8289
6430 8290
253 8291
5738 8292
7238 8293
1007 8294
7803 8295
7312 8296
7478 8297
5002 8298
7901 8299
6264 8300
6715 8301
3100 8302
5392 8303
5809 8304
5711 8305
213 8306
855 8307
7737 8308
8028 8309
3282 8310
923 8311
8554 8312
6273 8313
5118 8314
5511 8315
1243 8316
8543 8317
5179 8318
8482 8319
6319 8320
5514 8321
5281 8322
8041 8323
7599 8324
4216 8325
4616 8326
4712 8327
3994 8328
8418 8329
2191 8330
6018 8331
7936 8332
4505 8333
7255 8334
3104 8335
2242 8336
435 8337
943 8338
5504 8339
250 8340
4446 8341
4575 8342
5575 8343
2165 8344
7619 8345
6446 8346
308 8347
4434 8348
2821 8349
565 8350
3752 8351
1896 8352
7311 8353
4514 8354
2209 8355
3118 8356
498 8357
4155 8358
516 8359
5457 8360
3997 8361
4313 8362
7786 8363
8558 8364
6804 8365
6724 8366
7566 8367
1464 8368
3308 8369
3176 8370
7972 8371
451 8372
3205 8373
2348 8374
1969 8375
5468 8376
614 8377
6168 8378
5523 8379
6953 8380
2513 8381
4442 8382
1780 8383
2457 8384
7982 8385
2008 8386
7069 8387
2232 8388
7405 8389
8216 8390
1488 8391
4154 8392
5661 8393
2747 8394
6810 8395
7904 8396
3884 8397
4890 8398
4267 8399
444 8400
1791 8401
4858 8402
2062 8403
6481 8404
6731 8405
5580 8406
3351 8407
7135 8408
3113 8409
6097 8410
117 8411
863 8412
1485 8413
3770 8414
484 8415
4878 8416
4377 8417
8341 8418
1904 8419
5385 8420
3246 8421
7847 8422
2555 8423
5368 8424
917 8425
4092 8426
2407 8427
2350 8428
2263 8429
4213 8430
1835 8431
4319 8432
2920 8433
1723 8434
7300 8435
3683 8436
1868 8437
2353 8438
4727 8439
3513 8440
4768 8441
6674 8442
4135 8443
3178 8444
7230 8445
5171 8446
2021 8447
3848 8448
6985 8449
6443 8450
7817 8451
3405 8452
7667 8453
5301 8454
6394 8455
2290 8456
953 8457
6545 8458
8438 8459
7801 8460
5391 8461
7941 8462
1075 8463
5582 8464
4285 8465
4177 8466
7100 8467
6572 8468
6045 8469
5238 8470
2047 8471
2956 8472
6131 8473
1593 8474
6445 8475
5382 8476
6583 8477
1505 8478
1664 8479
7126 8480
4511 8481
2271 8482
6879 8483
2102 8484
7502 8485
2675 8486
3116 8487
3871 8488
3610 8489
1711 8490
7632 8491
8241 8492
1443 8493
6280 8494
8302 8495
1203 8496
4622 8497
8114 8498
5747 8499
2840 8500
4542 8501
5035 8502
5034 8503
6261 8504
4556 8505
7299 8506
1144 8507
6009 8508
6384 8509
7010 8510
3376 8511
6225 8512
7549 8513
3502 8514
6118 8515
5889 8516
5205 8517
643 8518
7494 8519
7002 8520
6864 8521
4734 8522
2359 8523
7082 8524
1748 8525
3127 8526
3592 8527
6499 8528
2871 8529
5146 8530
4363 8531
6466 8532
1599 8533
3197 8534
905 8535
6451 8536
8508 8537
3611 8538
2356 8539
1657 8540
8019 8541
1311 8542
5838 8543
6694 8544
2759 8545
901 8546
974 8547
2347 8548
7515 8549
7561 8550
3570 8551
3390 8552
8311 8553
2699 8554
7490 8555
62 8556
3915 8557
3352 8558
4263 8559
1565 8560
1047 8561
7047 8562
2830 8563
8123 8564
7906 8565
7003 8566
3549 8567
8237 8568
726 8569
1775 8570
54 8571
1439 8572
4977 8573
2882 8574
1154 8575
7320 8576
5360 8577
